612585062276
998893905490
244877783116
228616897978
637650625958
95377853014
228799732475
752865662292
549521878776
858270291115
265452992516
409654842890
563712748979
462146621625
947442329040
91647207848
502578435740
166115944753
861991073536
476846743119
80822071290
379562694610
66339547721
542950454227
632578419843
671970431891
482434729105
291071851909
185274700339
196878122508
223093807839
528061901225
515210044258
777111070129
671311789475
216567667989
375884730384
263625539650
653936438810
507765441336
839259757648
178955112590
647342353029
921169793111
112803914045
107452634644
766091926032
142110852953
391593552353
89379206492
921618889462
851356249223
330206745546
546230018632
308130475244
815020673596
372052887969
878918337994
953206280798
695650724483
194702085044
244138854055
24336455084
928905306684
498881036555
387857501624
610852878749
620130506717
552885430486
514808441527
496850131832
378935425438
263533316216
882912774277
370544765393
254437108223
495934699598
184557733544
385837568411
624581138273
634472779521
460179148640
105426338461
47661640982
816915407923
48417516918
257488614900
888938611406
94664902886
793135257900
916945705367
924139032583
910281964137
995807498085
596799550638
950038003955
53076781558
855455850678
657237752305
122192764882
