372013078747
357003795323
9993797911
166147198024
286647957346
803435745869
217117370458
296975217654
939254220336
307240507786
729329373772
54869406228
304282844141
571863957660
253794247546
816115010255
582053571667
945819887522
817023225622
816695609411
827234533280
177237605678
220150731844
356739845621
115859010932
350149707055
903334392056
2418933570
248895184974
816323848466
939894821021
515959003817
468324721182
819629429457
513953569380
312919685687
11369968349
803905044514
861524427172
176631283444
140424937725
534046164849
462648983692
39584680807
354717029236
358637651472
121497501472
135173235543
20423828331
4953466654
388298265680
410072296407
183616708096
813030794425
295627316731
984772575291
617003947372
938683077001
924431325266
953955481880
214137190746
795660583558
217884516629
212950325319
714265197998
821338097796
840146094515
423895050029
364241464752
436353886884
281344524446
747759495272
182865773384
182909471671
768275275076
712033318874
570228378504
255927118204
792030881664
289378033785
84408194694
784481851646
220381942597
982350486790
561284010803
187110721761
428699042108
242723292335
59932109818
781036847994
475361630061
797363593161
765838938280
640493442680
5667110062
966579877953
157459748466
806406003203
307165324293
419217813033
