300089237537
305083899586
475378958791
90340459510
131798082696
448926851522
840848543141
319654628736
52050360086
297454705336
312331641161
285319327297
440594448839
940398290822
953645189874
743483204457
604867565988
984758662066
525237659384
251790831111
184901906843
999792359375
550735656789
765393822845
91021339607
727721284709
722092237309
537986834646
306576719416
240464885757
355315487815
497040745668
632970301214
758908266711
669159091649
124558495003
901479941786
208361762701
763244620644
733147440560
852538418780
185174108949
488745879164
451285536929
567853770825
582369656208
834571432320
44067527544
607460847491
801825407386
776938087344
358959926671
332703642886
390948905960
998594761831
877049455226
966688499699
906042969665
147380981064
570460371622
560100564637
389182110717
190018393363
591268837922
255492641790
922318316353
195076539051
536986931819
225181861713
29668599094
304937077037
866095946078
154900489457
941710844487
506435341637
628216812215
899748537372
833059722012
545608188658
186349194105
118740798813
176794279482
603469992788
741187739422
63560553712
639268585345
985733225648
542830572247
113551000651
328250663011
752790305690
210599132939
814103491130
829297173390
569759068090
401990101383
792133724740
21382106420
790444690557
76185670561
