935745165593
655210884111
607211680879
887350568542
127891622506
190725908303
609591613058
548747796981
161306611937
39836027664
660006321987
728200701426
849302105271
947608528265
639529205625
258559953398
147602793017
438280164238
696261286829
884416400541
48153737922
562581228459
518224373786
845175073744
366784372140
808484011422
671812746662
936618178441
546723959170
123743539912
230732238601
325403209675
598045499673
744657569307
516205572680
543960662452
503203223275
575362938602
174877369667
329700082993
391721032300
590594344607
856231547903
427560601997
668414289967
119507178684
462999303540
465649992951
895279107589
479532327667
115646708958
655597890423
886506730224
415392114048
845560504350
774009484925
183647346002
2968345913
155978747460
38839363915
688163889450
719872562784
171015060495
91398747104
966065258248
667538736684
483041181954
851985533611
232221467965
857189111396
594287064780
629744093174
622551687912
394908353095
587396945672
213859302496
516481807254
65101247087
399895568489
381959881717
114760387998
360858252265
177523932111
142636812329
26320589528
958842653529
663256458754
189766191837
616059969915
46387672684
419843267423
116828306117
99114112647
684033693882
870053288958
524973606786
378667106774
440674196675
656879930186
958176948272
