389784275689
995451033507
506662404524
341314733545
290006655874
316044832791
354636496148
6553363479
497108173284
456240592729
94692778105
912148514087
53168709366
804479599774
14435595914
258656705306
379025673741
11294837394
596011559516
108931681438
770541900926
722318645013
199536037730
850205257142
814227253845
77537426656
853463186842
713238454502
852907624500
262030884425
105936942979
290936666961
449009689812
953925562973
11966755453
992256680973
238192205380
174147421897
794639747435
518084099380
57016309826
44247651487
75375128524
16868119094
324655056883
132280252734
496059194222
119848154357
234577751944
760923306957
191977035088
462280914054
246988594701
721448831768
471873131317
526906404438
493667457522
370243198319
34612241684
152941689262
873389861268
164216788578
767822250566
297178345064
57449059001
789741565146
117219476546
980211286096
334979878616
851197992346
885241406382
649154348008
780581403932
380778083772
810795520931
361193692505
11450270961
256956716871
281670239906
543212969112
378866199856
192529946794
867913841207
348209080866
186810092354
510288101228
991573580377
351284878627
988182764401
644923264884
259391188666
557199089589
207239589566
137043637884
470642475950
282502380421
970928795658
628290936549
763579591153
70117257918
