111435008937
90012699083
103943130827
893550146675
164816468939
594212207389
190994965744
210601936230
841968061025
397654049148
331353998708
216369467946
682258435773
657628788616
718513027420
398879802529
123716460472
190811680240
247324186374
611458471839
977525079447
950925118096
683521958401
993504414524
554057096432
896695719760
520164885745
838548279729
936338346939
353719899639
840629995968
367612970273
33828533847
215366381764
89885344044
58040092389
560847088381
410547348683
184483242685
543221308949
924902721088
826717538717
367221654176
848797253460
360554216310
548514255247
403348082746
258743265419
655502857989
681882968979
433912680968
64243661145
984649815091
461138684627
503725633986
160874042005
813695270571
577168028585
427003168510
289843122830
656482326848
730720868344
272523156499
245123928184
264726902859
677531933487
680090832670
571691592620
824169876403
603787778295
820265600006
147611548330
302478878287
591064912117
616624886122
500002924591
771874267848
620660776377
44638716642
653617113708
545784994365
13474206636
192993748419
14995313287
949675576741
241946171620
107683929265
763217740127
783610334022
820682013806
518028197444
655762931163
271579243103
387889761960
21268367941
472689194475
82847580395
23922692295
842529815842
771970890107
