238878273249
669411074898
638128233656
923188454123
630572006563
356306807801
692908182776
42519658025
605026752575
439495324433
353846218782
775324768344
768605447276
935297221816
659100130916
5960569753
840505597781
259617164644
956025872638
3013146541
825046113638
3298209254
69617612347
499729603328
217228029763
935905309844
576284274927
130947021725
805616173070
696705362307
850496206311
731980199640
510500141864
972320926987
740082819992
234487235357
971008404587
820100894117
183814813624
581284847296
889523133145
685905727749
155626890111
782166933273
838814865859
399915685908
260459131553
449653983232
704966624383
817064236806
645336982629
285614128991
111251289527
815061392071
532734919589
578174716528
402270383436
540575221942
520870470922
87047988839
326611600797
60791848721
296610212490
720379581009
565400487845
548032151877
528739189688
689469952821
893427677620
875191678551
639673643523
102293627045
319419497902
394520108583
308000140439
122869913525
678840262714
234320529337
709777323857
442386651140
320438357513
102176699771
550869734269
730426808408
555352852922
425447965032
650313784422
26228447247
947893611701
255357262667
461025782695
458929435229
984505448622
600915465705
781860341594
394518901125
303325774826
581738602090
125075651103
631525508192
