202476216986
792017095167
542041231772
110043565204
740818103360
82996377743
626341297818
645823869599
57897611513
618084391737
99149558561
10297221724
309661428090
765252293563
45968869836
15839307069
107300500109
73529522479
360925892907
543322160318
881864035957
740857570738
503297666561
420034976464
982784150629
89188882539
507502183952
865537782392
519617616976
275538879047
146954442401
219024016984
517952889204
608657463854
148591608859
58448495164
820769859896
190982741253
237929956404
181196192862
972999403177
811073014439
433034595206
815827812760
797746964536
877366399718
457436770270
484922825865
535936346075
160022724479
416662550598
27191047996
1607286896
281557342753
12085719787
136871137343
644136852394
605147988062
612969680061
243955528650
36787926124
657802086338
357159017698
243236242957
659797754283
431955593860
657194291872
173537849302
359455048413
530045513637
614265567141
442398197106
832093033398
310692241207
230748320180
83489307467
194587632608
538811648370
653047321557
933773504003
660352238224
358148260734
789482939749
195346025678
601266500777
772320172549
714592547491
207654886217
524809686784
956618030088
614019271640
801530482676
696767054589
595689470303
957623036579
491546884481
503620646881
601761768538
924932002950
496013128763
