89417013452
288729734790
165042582269
9407649043
766390987748
387488673548
573787935524
967844539984
9637986119
351827932973
814326292943
2667668137
285230194760
697622687805
557264792615
738262197168
974842475849
1793734096
972525904023
619865550870
223246705737
40108555135
53966467619
458092759752
253737291810
47343116409
79399227278
282030014225
141591361869
226541273020
271456404288
344518818163
560385386960
513769067349
800813554423
313195521136
793803126579
844378391565
804540366085
191801199119
809216985752
386929348186
707231938476
863032055308
898777436308
328525500160
413993649610
935321637589
786739191346
49897088140
873666661441
378313556579
195998451671
607715639756
85276095913
856655485113
42977133604
84725202641
665973181953
539095996890
541936806245
717032942551
38991618978
821877148486
906497360143
831295045618
234466782582
639564560095
921946827268
165444724400
642104082846
742494212885
232793167799
718561939701
548019668800
346989978705
476301826188
191798714603
313067597298
702422431778
553123218292
534927460167
692980325491
477118589273
223479857611
910709862176
482797479524
531930077578
328557347895
926938285187
114313811737
934820604270
568896897008
218012062692
675260014591
732679353003
972712223971
323475574195
196111505216
274266795526
