163853353149
750976098390
875042694656
899668158096
295844530274
499128105735
57520183276
54386340374
751882166688
72527798243
504124899494
606507817441
39842700234
161921316185
803382444664
426522146247
27943382753
679863178332
129161569544
484688279359
490647799803
608481168836
743681141206
743257362684
25843544997
268261075331
348540347597
220555848067
929601176098
363277553484
369116617940
887286761558
721035723477
679392080347
304702877230
75966944586
253259631636
352208808948
559652072286
110886065958
61204023840
52277906959
868557582243
8856652439
423863411650
437064113035
709362289337
203321752479
731491796580
744018022123
615039810704
409442547362
729491588897
788802304313
496757768995
478356564244
739724196361
905842073255
685923893176
190350490750
552258511533
668659908466
321210551666
789485735002
851841284658
767375657648
576756519816
887909733590
767157264818
637041840478
174356457313
310337688041
665527346598
597797488741
110646190002
834173860954
543465472791
52448555862
171782820723
610840247446
551657423889
400134145200
79879530773
187636402216
166012181526
612013956271
809765279087
300025789280
758428775600
354205359597
450877678978
940587742493
360363764486
215711883978
18328878956
609259964156
771321022481
500655104080
232204952095
211663109816
