569062150237
950507004442
165566116216
738133808631
775784143522
161149393739
43024560212
353367096525
857218068092
210426551170
643871875770
11193376970
970995848256
15969188513
698203106406
555872775142
290510637604
577039273039
949867615982
195168182552
922276246969
267782227365
848678232239
447458001942
492919639582
193089112911
965333405630
120511330221
324529402659
985548800927
296508932248
544794426952
352499864696
816032552884
541957288678
804857747961
770176999863
135140288291
441281624317
266404675667
252766450459
685100751877
706871716711
208890429730
37121758677
11306365443
952505195445
524750456390
851172761200
609347454732
609914084824
259964416314
700170913596
510193931776
337154773532
136453777258
81963875530
448056533603
563437612458
195814513185
378218229918
874512878126
215002164313
595605512341
199881726957
940173309045
326211256274
482219529835
238374294072
593125403417
131234464337
830101601336
509635481326
548234179947
928983910013
820965243853
50201039509
65201287847
310804684117
340577926187
458020280299
820559034375
528528911773
82064904780
810955918034
317616982377
704648038437
129967366852
837905610292
514789887125
185598038201
156677029168
708260561269
204870784091
268836519496
657687301899
88249988573
848721362274
936101978297
32987147004
