71693820398
691952521300
115999076559
75985841512
819031426643
202516346823
972739855380
983576430975
598420692185
940829389436
193669751747
800417090155
581456660574
787775711754
742410433231
847021995666
938369430030
945285660464
592424900928
904117860093
518887939063
670834740656
218211500294
349910305443
624895088063
257891150909
991879510664
169359610916
202771973226
982724521665
651399607835
873149282489
424773400552
891049539434
289322623802
260407120692
312917660210
401400636958
387577741337
461545540410
315511040556
403330120519
973993404227
279903022301
373654423320
840963607235
319030545891
72746210865
551053225338
747664894370
33176933976
920727495265
711464115045
764185976606
654377968287
866411164302
182684660328
566064013686
445078347236
730808618344
694088333934
993296280655
18470224609
358582435924
794180666240
323645556903
301017708283
748298424560
438706043195
476020795220
597971451437
460448609637
376645330100
294952475543
429676828860
489825540780
517918901881
960618692940
613838283805
189065409852
191276504449
416336364005
728157010857
433574334505
120061855944
588992945568
899111431273
803736928867
37246742201
281647934691
490876836299
269628744179
172236149351
381932307736
673868408223
834227833490
549735223204
120161970064
37778658694
404069934856
