669807193779
111791969482
144434859752
843356828082
207891292618
839105378516
259613282885
530469699928
804331437181
473154626888
316842309496
405364483974
232820973969
590416650527
114156156702
987755106370
966149199754
252116679731
67128336855
956351599770
90754022211
82806128906
901779085284
818675574900
39673234335
718646265888
662477278826
676060768314
710843607163
599863288696
267102444003
744010389006
50658708634
844805708423
796502083520
831622889025
606902548583
187805165434
849438097337
647260472628
862877815571
885262184125
674516610381
4978823525
950333776910
769818387247
496882825706
78045987676
493162548515
142701329768
515555362902
719890094184
317045638111
685521625508
485986331523
575918062931
213151232493
368089235595
545289166867
714712385759
681131997100
894689077836
434846999984
532555933831
639012993402
744131597195
742774844476
908958322747
711086726196
397918652614
915670944108
947386515286
480881318153
441369406645
251644563899
650710397776
354978467942
315835637010
74105398579
825688828566
193015610446
80018586629
940183195674
722386631515
100928526686
56978695829
235287630446
810925915605
703993640566
883332956587
802158347503
160013023088
80864263392
275845960854
698966189199
938022362644
98708775671
43992397677
18511073597
722931065111
