318817465010
196828629601
346797487143
343951001368
640429247538
164354593817
804618111148
487838545002
239042769152
540119939381
608812898983
136972633333
859560051629
558504087454
600287887041
204898514868
693412396575
359448286779
316531993062
537815112292
185451062522
577090387181
962508939805
484727856147
784462785422
557700439552
667166318544
748472375925
21071344873
639427865481
444735937414
719666284224
597084526211
198043047977
493679805046
865489685687
75489914963
872807770524
327789785894
674787902409
423228566783
989106093732
823202808924
284610841787
635156212016
413429011121
852969254642
106445193512
811917249170
675009482099
776007695359
583245848838
72488909281
795327989880
779464987435
167638030655
629527327693
823430868356
166006396510
200251553730
315168483812
330502323137
980839814082
723259527806
672023191019
805047391461
181325914481
266073286896
701109891050
815765579907
293841461003
590109356647
505906260501
9891179508
949278444755
844835093670
516165784250
17533633671
689516151618
242394896807
810039481020
513191000894
956841334283
674431967969
446880905329
102654126586
616537568300
250505003033
995116356232
53888993173
202480250791
250297757930
904882919789
142726285679
893343443431
503878390156
251012304272
100818604710
896673423210
840807749222
