680246635702
549617614827
158941439940
536571698006
732670533795
50928948544
487612797133
992456793728
408718207634
872330967118
160517256077
960724806215
500730352536
748887979658
817088383953
36033001820
658892020537
201840731360
535541327976
158544602077
28906522237
167861109893
575467441495
488769674607
469547977090
481041125627
977215102752
668722420070
951022265115
795685029272
797644065274
979520482861
305607658015
28738941365
652058661767
915428271587
314311293514
77922313236
308789166304
554671752258
109402626153
847135128168
113988409979
415679863250
373350782759
417420074732
627112952780
792660888824
118731356696
325941463122
78279197013
785714657547
299071461020
769890030667
701422496414
768546659872
939251443755
194953462408
567573359772
425902375222
917207717428
502621190269
932788275705
532511570738
871609525387
199014312897
600384320673
237128140783
858558565524
435178377435
698689381711
15571704850
745430205970
442059625598
499835428924
742966878188
497859325091
626367261651
567374572751
274881357571
201548931463
189656311235
479775370244
172395355623
134161088548
164450168575
471497335625
139704297081
69717408333
49239873166
452720156809
108509187521
716120661975
554566958075
617903467812
465108344686
535111959037
65953291221
95364023832
248143421614
