810078270677
934279313123
432649767148
365417178978
848195298533
493313095359
927812945382
275993433256
914381997493
243980909858
787441431597
749321183627
231418199204
479814334646
405303264493
210390086821
747574170222
263008535130
992834787182
458690339453
952651990589
315690938986
657836770508
842437526751
297353837109
284963842354
866746843643
134395015545
973071710320
476969562022
835382295647
362171132096
322463796965
57545564151
38434454304
904317134063
328251787643
915370577270
617363990068
103736188341
292709340248
435523425793
540062466621
528925301682
293727576392
213327816046
700315704049
624389022025
934109861604
644338677716
541919594309
85496452379
365333964148
467998342195
878338511358
617893057102
7770486920
992089074127
224465411050
161143650644
217741543475
48728120973
179009610357
775962812923
700861590554
859045636594
655625989951
360504685795
642652032628
380679420152
618559350591
320470009515
174762962887
803649453354
555788663449
495172292547
509325748031
41774546527
786294897523
554710228314
408000728996
803326262956
370411655889
379103196791
591131403893
371677490672
77899944817
55354089014
496079583083
677619738256
50727574780
737434185383
671501196230
783291102857
758976136517
94377443427
582917136820
206580188659
620248150682
185426279359
