710062505483
9968566102
526159837161
691237498421
772312862522
499506405123
320825029051
330206841845
361370514113
497618800477
260223707462
972372470032
639422128562
157955498912
153193548298
126513061497
280905312839
479267276519
286782496677
377781546225
136505784353
606031363675
680559378950
797273164976
609553233079
592008742333
984767047278
365913829813
176374072827
78113793878
979833586330
788180156634
201796895612
425189643859
137829897913
565153971497
93926557753
798011217088
195462806269
705153278867
833742313941
459901969260
45004585463
812052877601
311471691909
329102606053
969813603260
755939705433
101017591540
138385455637
466064371631
242988512268
988379523508
812749040132
827980583214
502696537276
389326415500
711275727324
22717776109
488888271516
809032507108
475897533301
563338502601
170907961815
433289087860
249691191164
514953379795
306491160593
310685906518
694310247620
905370576502
196901619156
524284068143
753277505617
317479193031
386041637503
618025848410
854362095561
753741824979
767958406776
134684602200
411942426805
372486095163
326654450992
654957011710
128290187686
435773085597
829316999700
146858394946
618094980003
872530453531
428365937534
405738179431
556381107102
95026871634
688257006528
908584223709
435624471399
37271932919
765173317032
