20134145658
663121372717
835760930743
414902859059
902109264690
492651448228
254965203536
320678136181
932588716633
293266076757
81165115362
468935420865
772092426732
339139841060
458912695969
243731182394
236537460921
626223841811
443217777770
568840114955
253007895505
889941579192
390515241602
293435198329
712602305418
97491455677
89913023810
476307472295
609507051725
506465009413
993413694032
563475005131
927590723220
591437247055
22422208245
410442949547
611242482596
603923701339
890819646712
18754872787
213965757128
131938106263
504732500846
467147020634
418870644820
277739712758
342754024540
573147097768
49603924043
599263720547
392833855627
972874817194
620824617376
146428874520
702607274326
931316199028
145318079053
670708893383
742650857657
542118807812
907614438580
862363616260
197554781245
705911855160
471127566526
885621109609
367616917571
651320780535
253048025816
134683802220
378470147699
771465428620
863897763862
85796223183
433653160709
386444565474
361855466916
258984122719
395269681213
275401232689
354560988076
81047009494
355930411754
413255560084
680603495547
239250976020
887965531608
583412520535
564294436833
300762419710
224814579332
65117217645
760924246173
405361788096
509263687750
319696870176
787178669027
367478074821
636356418903
424540573172
