908851076056
182841966422
394670242618
198072407172
722785283875
913893661650
78288142810
81022193764
695575776796
657404692455
808612181332
93259774123
895708783045
601036312359
357001822147
800939529997
453154972958
84586219861
92926517299
829064066449
485920587552
428681349101
628254900473
357425880599
928469428317
51886028119
702028189631
66100189213
768847764277
227403333899
124189982851
729307459697
225511094871
822938626612
478023548473
997001253058
128741379626
562543758563
840227560034
162931223143
933251379891
996391579072
252117484889
876748942080
224012218871
276036912803
30964847827
934787911481
538437244189
558555281553
822418967211
198444358937
310667244557
357532495956
446257503726
421022168723
536840655235
898382376301
934671662220
380636868282
889929610847
255918748029
711847242498
301950165510
86644405909
454212568044
378015172845
515679843113
237082606640
25636291869
318930471330
483815368527
938126345018
732422459810
454242073075
206673840134
514564311186
85997377321
97936046750
338019998924
339591750248
602847736481
327350315754
676411850013
206713410583
271981940563
466629897951
818929037749
536414428420
965870917740
6544576895
395092216675
361880673934
756048459482
612381590211
194862147146
103444736397
296660550226
41594376226
181461623213
