478890954430
240934323788
395565211689
633815738118
99377026585
836932774219
950995100910
455458991869
405607234206
726389898068
594812852692
288946489395
897562588615
604695122669
33341859569
837821403914
441254222841
453820684260
2926079119
380650461778
571817273007
355671915044
841937059978
379259294143
502582937848
334355304678
379231012483
874329433891
683015412557
591981555175
794421060886
545447826540
124059249983
410438005990
302904799704
386359401819
286829461506
502579982760
484376320833
648839084276
243655706026
402714914667
955016657473
240900497285
674826563655
250202750815
218873615151
580094862134
931174865710
560490671591
710650498256
133208514522
812189548362
65091291662
932862793370
151076903363
91060959679
72436056469
172072524190
183555898386
924781388370
702351091810
284616031062
692640840943
853963270626
542721861363
522143349461
879553958251
690511140112
409052769149
473245211956
934783254005
956842006547
826728919537
24301463782
985206463868
645092346134
34303729806
521501224739
669399760170
37698224287
225258681888
264412874658
446754087252
515653210718
271217904566
469997045776
112192969060
239546435945
284823680400
738317003656
495382055089
403253455626
690755939032
265371480105
610115113363
181045822334
959468286304
605110823795
284267784989
