152118121536
2983122275
963689219161
955522228189
451197147250
48394030332
4167323854
171664710910
423758436265
998688627209
147023986154
445465318970
164005577243
999015203150
478067869525
36663475017
366059994530
147270025179
144657944952
584008767278
162152429196
868970519006
620703477974
983149218748
637397517742
621862798275
719437482027
303942332827
67756780220
300955147977
175601082112
663987638107
220690247895
742591723858
832057996627
144918011780
95331218133
17246797916
503736809575
666099047086
109317923066
840973336939
370950789227
416159453219
266079129188
709177329344
641862241454
625772055631
178566011727
640383375327
293209131285
204274435413
279247482580
603562731215
320180070258
940106021625
705511907121
590494636197
957532827467
282878001850
523806451020
703684222596
870772981215
580985354965
997001534306
339356878261
698329414623
640038554617
742330584932
672015758052
692061451075
44339288566
714142949008
433609739330
527550837308
985256343125
853523380264
269829973303
396002316801
799670561644
684819624477
231502798939
92515037965
871312762420
180507358732
743112753700
176852077587
636393567567
70945109479
604253451499
318237677906
827794877764
673021492555
570814930846
685841122002
174625329508
921868647700
540322557363
305413055429
887224243038
