404991994425
114444213425
925909473344
767100864221
94787758405
482742367911
290498884597
896610675670
464468261473
239949663591
467497629248
745274858638
684265069014
577967128531
366049969225
841749775254
121459333752
261986315255
57778622884
733353449118
955217915933
989675461354
418450334615
757375264048
15784736167
855898677597
143684992314
682074380207
953677933931
472349796764
767784531863
425959810618
59788705166
480161224891
667275873567
319705521344
105018515924
230129703413
634125426907
735688838042
934950326182
998867979957
266330174048
624876078795
560400989803
515191662310
89377971414
272011807241
92401339480
887873143179
363715316505
65361899254
728074158771
144285066214
975220869083
366845807404
794387941496
720961599702
160406449412
628200593051
112352313595
824472434212
770795971087
220637417357
962840594333
509129271956
580820443546
302794142128
690115908990
47788654343
434005409508
653332381630
776259507800
184393331372
37015985140
611389223343
991983841938
736175507745
175523205553
958049411690
447041084823
591456850532
9900740516
711330380863
717724180980
391887141306
865099840218
387369220504
207827772651
583729054991
340801478918
243606925078
958010604055
571918279154
404082121698
324234980818
299641437491
852816784312
653192865450
192480150494
