845968202998
134652639394
958253970307
309334201769
139610996795
59815767753
354547447157
405908799901
582152707878
286152516026
299125378371
92976585016
958504653370
21454425967
999693233798
744656585315
189631962427
889609650458
134884024227
65391316409
339661484330
589195005691
512391439855
277926851273
61481897595
882246079128
599761387235
843391971060
448392217188
120049047882
607585527930
90793700631
117971651125
230138084556
624198334860
512196895466
100635295600
236340674814
512705073657
84105851123
653247700807
548055490156
59751868586
80821782688
766095883030
498301287246
690174850988
212466339065
452705593543
528114551910
162408395069
962027788344
996074581580
768258986906
135831319873
990659389240
351975721213
963651675505
47152132677
527130398858
253999105501
163264931689
954039693158
61671243204
360809745859
746212771471
985233571013
183549530323
907791205276
255101487924
192853051458
687045493475
18324915603
580212013892
900428027408
828974760006
414601981593
767288019674
708374551150
312171808785
555844502990
686314144316
596979375601
591423358026
207236751556
830674296154
854642145928
494692603718
749296160262
546450994892
602686809787
937651114599
952944501308
713738292149
980509160916
450256690434
175157333449
572515297345
928227086028
651881881833
