366517877976
994657912385
258177228097
109580632188
917549360113
673180015656
946043232391
789495022160
790839636106
753160868852
687449070158
535125318652
846910555196
635607264799
515289364336
86692410816
35779169034
122817847802
141881345577
624689869119
719298559637
78803448008
728132219730
495671257784
980324159088
170625631126
16135245954
845682699040
234591406318
77511534295
772021055261
594411482158
71883030396
774477612473
992990724042
267223993068
249738668163
727167195793
370208510147
315135841909
31927389142
910290746485
7058308177
364067764136
968457812309
630893872137
570529211677
520639633702
401006909290
632823468275
806292141796
96477934940
463862670718
624635204425
872207871050
711096130631
496462563239
222365874051
353284545542
621737706404
428746743841
399965055327
912579767456
909322396133
7902999370
960634920976
161867781458
1722874173
184733788374
521856185415
412320997645
831417946345
107153240131
471767755376
554812403127
638767699149
106822493362
511285846218
133684701958
3698691251
371365489645
692598121433
473689595475
986645919605
391401088912
909118415556
155453613755
865333190134
896157926983
308507807809
217984855227
522218056333
884752914254
348566935247
232877015163
422414877452
150196582193
651372887713
395032206261
402662469945
