115211486659
784264877965
394180968446
197200671948
975147343330
509181309688
775647657651
432217927043
74886733558
48460383194
831122842141
924205738855
100452700933
19660629960
75993744731
107188068117
819517006967
641125762311
288264708397
961884315544
195416242138
62927547868
509216700075
969817648339
228317385438
470911703718
366551950817
394153869971
160624031749
219598487916
134291477110
67428514095
588834694434
530121159984
313924543691
789900480816
436607980510
798844266332
507183419731
192806471531
769313474481
933898387287
723041164909
132031713970
474263046611
792025401707
902765345127
501635885008
435941359484
648468349419
656827665421
887666287084
941608607623
752892665501
350982396427
105931509375
673009361961
141524174976
300075564575
669556362236
849009778758
107526598013
951359265531
630344585975
726957958409
222837716673
782567210004
322104056995
559635136320
18363135685
780133396138
123647195092
678468406867
732890155621
868258263125
855957086340
812244836533
728200107905
680261025118
526703962916
996465264600
914363098457
372879948517
445721096669
731469978220
719564439891
945182974072
444751366961
687520266740
97831676258
185099111372
638852530556
935628638091
598337967679
338999541294
56358866498
425741528660
759147332194
181126122687
31648939107
