434264617240
546149834985
758266393902
501987793740
294373437893
346275763328
48072476501
590766777817
721009004064
360748473896
882007768119
256360723238
638419585955
857999108939
530880130956
572804901919
843535588673
193908266946
800312235853
256027444971
66043274748
864704664629
105165045171
368617529254
862845273654
257566129014
702390860525
279038332823
288889228913
975461818710
464894895833
722561221085
1193229842
196825149895
627414850162
217218893500
494081707044
541022071218
969241507116
932939833343
838829735306
803075600147
249846395347
676195412099
729626188185
169515746509
744310264777
511998111525
371122434911
478096867213
737808202828
598002469009
794414177438
858254956924
296386794805
913354240915
119462377233
15722412837
896034509063
987687728450
821328831472
593982996402
951039061983
338182793015
266462802465
957152286176
163260830070
632917966817
50248070029
249473237362
776501951389
205854503930
17207090099
749024731649
502901346496
189669237952
860596101094
455902027354
982106635896
176816060320
40741040821
189644159793
958895258262
987120595690
44875400486
832105756627
819578699475
576193510122
328001934762
190891683744
807554938549
808175757232
580451178419
618740684641
127665338226
869392891702
465574331477
289020070194
699382050946
852818360829
