467079248383
647028541295
510801719907
318937414070
355267676551
930339771413
68187933101
91840336812
593986246645
243903171983
407191182583
278210680929
28808364487
186182003467
723405152233
100510392429
943323595343
956611220747
575233096914
635516587950
406166907627
480099799190
493636180082
234394844679
342475174
371454714274
180647528694
217455012687
330500296919
997952403825
195499289676
311810473636
371656958407
894688294066
354053432564
661494876954
370089168362
770548964632
975893829595
814059560166
996773014070
879967283062
955447324205
682125707489
909569382364
215214165339
834459697768
531788449996
209399975798
850014374785
157118810992
429352678554
264724866376
667722252883
965163054915
95219094029
89967034105
561701349873
984499358299
924686598597
906296148155
905348102395
891328172868
577278960430
129546852484
665079629458
754273491519
8749210957
912670674972
356454718991
638485189695
363347250041
588726234101
2644266737
472603663199
492984769545
707727130576
78065978154
38235591013
806665836981
12154161973
789104595795
860917359612
862258624195
176427055314
51296058814
820834607617
937394807830
102330134338
231443399929
275657056544
649367309353
157138697497
361624156548
956837312739
44346183860
50828334484
184178206729
859757871486
222511181185
