172279895738
469081918005
943238278241
276879057109
205362228821
973346620803
759091869928
728043877618
619315177150
609650127420
418761517193
841698729520
227023406684
917459932020
826731100465
209353137697
288960560691
99573784736
957501410152
191356583387
762636219891
943006956658
39516064508
981584829601
1231027227
987392265800
824120457928
506979886036
912856745633
791355519169
812730675751
998294926667
434676157537
186340387981
830141925624
908212743733
254001433692
119352979407
291306364970
307434747673
396209646377
230725026280
77284621710
212971737705
802098406753
925980635650
712068702250
496235591024
949891877736
505204237117
160166470488
168687747569
937449287377
832263035653
479441769824
660462713752
935532440056
266868043381
458990203818
493094037777
171072484888
186923802294
37808560390
371927529462
267476579893
333325261091
796916231555
82114398517
116078715704
386236528000
337589771797
916142020617
821984894886
785738018631
772388994271
743468614272
182158590431
336392563861
765703101199
446995325265
350130585456
760208263187
81146627493
21560425594
637707373904
387017578795
451124929921
112448560162
540336648789
709214855093
896041343249
718595349800
637439788473
248386319416
839615003198
545236948941
931082717906
984068150698
727500785420
493003113193
