469392446508
493880479173
79234854032
4890571191
980680737069
263079627190
106212526035
268853985556
316038673390
212420132954
397260602696
138302785511
840172976172
855364705727
267183340316
272595724763
871803585525
414635880394
489410263022
457268769802
666326091007
526418313432
26043400713
614003913522
752003020359
35717901639
650631893024
659587298397
861663529784
347468565359
31814384127
231406215757
869826842952
951209614630
198783439935
472917785018
346006025392
432141614862
199105520252
658251516482
583079024742
425748051507
582236705373
408111343833
143340703557
914975722082
131303277556
52502877597
922869622858
38875018349
404257573904
821773797951
995804076062
228545403949
332991617586
711247059472
502504991893
1923284877
129638367373
594967233331
176783061097
551704000100
581335543791
737782008126
923393781071
655651328567
886035177755
683820754407
14462240464
169239329544
27830252395
14245703107
573106522700
130041234180
878513556666
906383359521
961181707281
630738800902
687236045127
848521898328
993699163961
394810462003
282635819715
57325539242
249329954018
777222245823
851185571667
952165090127
679315593535
222945438314
170260206721
265879445847
288838077117
902161849558
946507215776
151737949449
181619579313
739982710187
684761139633
793050415819
