906040430246
349214632836
963439257393
456607861189
644910105749
536666458666
707619303145
256013050680
861018506741
60126702154
598084027053
180530625265
254471376079
931517764093
173542129056
332241754222
502092948822
280786731812
497910283854
866253708852
647748025263
873564166700
714244569781
434610528576
256186935804
479141866640
495819463256
247549303123
151065745662
560629623672
428563014853
198638657680
449439618278
742727128783
476278483241
333785802545
57153275520
159667291443
720012975993
708671080398
61999446979
78173269574
365972472550
504348931729
151187372030
705399090360
884753370415
192632858099
813926993877
929794115455
381400199132
801361850993
214728649768
142228893694
828337009721
400627432160
211148990306
551739431415
237751142194
584525281789
446839632470
380066685109
879566599277
635247510537
748164713228
454632374893
868021185110
231480584482
477716775221
845548380230
810126367364
31500721465
178427644613
900164785836
758957741002
752141329029
413071588535
76079063418
268485593849
644033702897
216903340324
672398132532
565273288490
834245396850
807490846048
472343434492
344341141623
391729255983
494908786177
35526021458
734030295902
256457522548
649927002258
116338643636
146265176477
175484908413
399816195835
368569671693
165305243248
723052953497
