292255874843
90047978031
465382061491
996937395000
82652067118
90311939082
109344544642
256394648088
231762994168
828339671997
117748838042
707774951482
762710514261
781794423931
501007200761
766170092978
614813833601
281011529840
231225398020
665723964002
360817947296
144387399227
864894258029
230185558397
972546617681
291742219271
417070463065
493020033152
698728200140
107393701119
270755868816
994857622859
624940386623
450053852427
817219012412
265506554517
149684430203
687919093924
737911838849
543220120696
306197128555
323615630528
28640452924
912471294094
941873605201
203630128910
593030507204
67234237794
627276077321
42820879328
630461173801
289628770871
283577540799
838020993410
574641586523
56439550642
167187474002
276502150164
277607997619
510268232680
745820023868
887608845737
91831059869
6672256366
857091655640
223085773729
553260512795
970551752747
983668511964
840075042070
929906221528
450577609707
112942690527
14027920672
429612471238
571243266602
903144261619
498817497011
926632149792
296529478280
263973070967
398215305761
60980727520
956717740408
636650327051
315704673655
597324241781
881430640961
370311513939
760452721547
372828862273
430844685074
457976749335
989197827485
296108686056
638051499182
223264152237
512985136364
551132235536
701544827852
