59237418564
497664620025
65652816635
98562737102
403216497134
779785349675
781203804030
258435074680
145684184728
866933502796
364498513883
971714980119
929022680001
695565269343
859750204711
352698609132
357691998069
537497143592
416789395433
723264296818
978475686019
666170667769
350085896622
470672410659
718967940283
852239028598
322319776733
874901397957
204025793663
856938891692
419047128809
385678587994
309932825750
989043465254
570253281618
434994839633
144162605962
253814017104
952520447279
956999733664
329055339111
191772088635
671035158782
851904836229
179427990410
479112497216
422990632836
89226386709
552601771867
931286014936
93947738832
287367740596
751062967799
511719690810
506587611076
683760276686
692107332303
652930433333
256300229333
555153284573
778792591326
444068590587
388249780426
530949122500
662518307753
555051670689
949130440584
729542723184
902299847052
38996365105
282184537409
964314011100
129138475571
59161633727
500044194865
424557845691
862164171889
106481505234
177022140683
611578702219
50822763927
425514026640
363907521214
84832433973
123151613998
707550574747
669601300908
499717199573
92165235267
906705079911
887008804146
425411641561
611650116706
244021838090
907388994334
520637294844
817601472203
672616208738
565560899125
272884605039
