158152911579
17645032487
743332495937
766079855425
713820008475
277118016726
598645695952
998158233260
640007985438
231860527594
533865344574
135171955991
48858809723
827168646685
543198078582
437264762473
864378037783
854412664424
162384558702
117012957823
429171491117
693060706065
524456984271
822828663942
983426039514
160640813897
39526023468
345275496571
248863731686
812874520687
897753650805
99123348497
982658309645
9223787627
670021149422
66816000381
515144503793
219697129133
796963108798
381428082204
495016480884
125727763974
976457637511
73593880381
470611712993
736655217212
535949527775
426584250228
484489398794
513927750431
289970752716
215135685964
681119142599
741429032298
312052907279
870889948048
730841590568
104857439583
193112194548
514188099893
54514845608
959780418591
514261497235
836239743713
587139055654
252794844910
436702942127
305213145974
381784243454
444369056935
799986482362
590277067174
439865274376
804681358470
533382265588
155542792231
435490865570
620594418720
373350071037
303213972581
126624022674
12682134097
475854383126
684617150287
842115409575
231283658768
395467660083
751125699775
907483021340
410273424320
530611628461
343929118930
882866764833
343297666465
438287470641
668489630823
443860228499
550039180325
756548673974
616366043999
