492938997119
829301852219
853492757525
164364389575
357600509180
767804963931
40263251490
647178577148
455660253431
819347131808
524153770846
244500680123
371456691248
578860765909
154479987749
80641174237
6272808168
641025916881
943983086875
155261753983
510229356793
459025406619
812738597714
879235467283
807992942951
181113606590
482090507993
503065398246
448691971383
817152151513
974171948186
175597292141
244598572997
193048808232
417862502394
307951735028
455399249719
747548608335
829168388684
403141357303
655561110023
837428774620
99861083670
625867390762
203009607440
722993121706
524337392824
355049251646
768790206523
19606526613
911435439914
806083561476
871170886476
761874580244
520089573602
972087250175
76738469255
287801551003
847826641337
888717714307
363527180868
899048687119
429744126607
287256311069
649681826410
643751642104
330729433149
496428812413
121217556658
555873739496
642606722546
449557919573
758730295115
176136608733
711480148118
437939425662
897415134466
604973910352
671579517455
727911674820
127535436039
17544785758
623965900146
418691340222
146712864933
597239873291
681343356008
500519232844
266605708160
59303852723
777403670814
651185619612
566497645759
980615526966
284750984777
762507954712
558000932506
709502424239
778227663099
374303867098
