589358564199
487013134872
52865148243
108804798782
192102271188
531679839037
707323796212
855191215754
528599081843
70483839441
793895946919
705180667950
76777547630
875544309400
851325513676
160737333941
65716490037
529981111901
765443984332
381584233661
342446931402
154881128667
810831747887
761713334392
526632854690
77722904985
856150339032
689742490170
6127906907
612089156618
552958578715
97170454512
432969444111
469999939766
249610364448
547662372485
698514022097
575836879402
337756784547
372016119589
110307307580
652063357819
827653333513
130386993169
27710681906
606961358306
961625884560
924291457496
173724431567
439506110795
2004269622
466921465379
990137758067
140897056721
439082536344
515381306956
162433573555
922201372038
918710798593
927003263845
783683814936
755162046535
173546107090
382346953776
142818406838
211075810526
656184636568
801882998453
684286100415
860326941843
216233516761
139193312594
452109322308
830087884689
387134134888
589816333733
926330367574
952307105080
22430594484
420465281415
462713017211
225361340758
991931357855
919441527463
759227637533
46415428043
602835607390
511645025486
251020626341
111164384964
566795245578
451873441972
834592583528
285970191546
43301521054
945701211053
624978298096
637683330340
264637086324
260640179680
