895628217673
800844978419
792357136460
375416300805
103006796358
658041950879
931429953825
599271434336
353691874652
355011131436
800795290144
373117094275
111451707847
701356311510
73124023980
306680011423
271349285726
160712467551
725659172508
836830959063
154227366116
272256431942
495289095511
188012759659
578605791802
947419022981
110896121739
343093764379
183584906110
992540896320
345751454060
533001517767
831240920961
889934613516
929010578354
290597230575
858648103442
556593546603
407243231155
620956121655
474728566796
94036561822
852463980334
841316959424
328664562121
289233258270
550224429497
310311616926
410495242008
676609987679
284522198930
573744688638
668303927567
859801802525
653600276301
823290360103
585773778518
183518986054
59511364859
444160726771
347485779354
701224586567
32468926477
403348323298
169705242261
416684580538
524304793666
872666338315
217943048521
10020835506
474712086170
674529470329
664382375491
446634614161
908479022065
202982852327
777094288642
243354586813
286931027297
967094076783
491723726218
242581793032
93986184157
152594025728
721488651157
506320245353
137887165209
950196763149
186058054085
145516225151
294612120876
788651298839
666760615110
834304583611
703120367348
562063098235
786668713298
900073662932
803628452396
820588096887
