824260185530
73799037210
44018949480
441984052228
378407845890
613164296228
401344393121
322531803017
111336847287
400620101977
177756076680
297378035013
840312817605
712347307794
512182233971
514727348759
403799203809
707905528913
528920357728
444369602949
993951570575
759862216654
547708866256
927198248766
624439466977
246359648972
331656889577
143517828352
366222237564
806399944361
724230620021
548581409418
637522659620
512044048130
383463283608
969327596162
745964841602
896842186436
964121442963
665988935473
801832851214
459228917398
47774005467
651011506538
824131343003
599468235478
661855656478
411008698068
331175853827
154542123084
492800032221
529827240619
782812644322
107702013387
530876685663
924542573417
796936250474
559566919700
770541929111
220275925753
396273863461
297011507827
518746650230
234241715719
1068880919
713522869850
950165870406
969676889544
198417642693
480993432210
92095480954
197325228483
987737663143
733212861396
570180736153
648844618268
276021508916
274377025299
309230182040
458018666257
99459852086
989968155684
152849499269
304035546320
734959022788
572589960052
839588935348
575557744990
892171520945
972159235439
129498854607
5576419963
349294495432
932850454452
553378762199
412136353573
805684325633
41133327864
448142579888
701695138880
