503902591993
124381666615
36331386855
355205546388
418299271890
758274705860
490580927186
725807482982
913595607819
869829999456
280256684204
655699912966
214508017080
186320166725
949881241013
888956186736
284804259705
680084062118
188161377057
42389260385
425432403204
740322944973
204920735881
45098844228
424985618336
391342936233
103320427117
960503989124
139557907497
792374077810
191034202790
526850123834
581479494808
998952991438
112424054226
764179237843
260759640888
392928166768
158468245445
270293363644
673035343281
99170164658
579388690640
262767459830
299301786582
800304134533
758102655386
139610844408
618842521285
707591793593
761344144623
134856372911
703518361716
3447124254
164730519540
223995946328
171837350955
472241666739
257685584725
188784473321
937736800093
567896974583
265094566408
411348077638
749828325353
712858978084
277123564038
559823023133
999764841510
148667061368
227166815432
297432551488
314271305712
162513998462
960693812417
169558736695
617032712923
750474189499
343068118129
372035501027
663770336530
994054420807
142036910637
571720524944
116637657095
808611312716
265437079290
525520217054
260238353751
243102104727
482344656144
668974985637
616728935611
962768138958
624140672583
587768363958
31622037558
954348067669
770215046534
863946555036
