462121087452
173782295851
431996932833
193021574377
547441010064
572249485537
862468768333
997204086549
268918920317
15020160972
279553292310
24757831420
531708336841
317951879173
541682955401
797157407783
658180464779
372348832082
569363945673
905657440404
732465299345
577138089924
43782639131
791666667501
166610141970
312568618007
769134357453
937402474687
602790836478
174746053716
139186170362
974578284985
195492527153
250676889046
500638569981
516135213925
556742372523
811801053071
88198290414
357045284354
326055431922
834319748571
193657261403
602131610278
463853265182
198350852911
632210701663
174700652924
413573001134
103684557986
557542913921
306915467167
2880331747
411685078688
41139412532
965763073013
435287792541
977106614644
313594894719
677678753927
63863890754
97696544856
850812519356
365006225967
389780142943
163230205520
584749508519
164179390277
521039103378
909027008402
610109661350
619445467614
906695947616
444923300590
897569102858
445556546305
187088331772
143252770031
625079261092
725458034926
602909946265
59389030803
531337155945
282554254505
763528147634
302334961820
668223416288
628584701986
651203020764
625106374095
599195473084
804131242783
159825258608
763034164381
431198304211
345640832096
242949548151
302766236444
865094667473
913583144761
