557806321531
469236775927
513206662618
929210973097
819767024092
57319761952
494676963465
169632133728
231024053195
299541144744
704150208450
112343116002
880237861912
27046983787
409835782266
286974461371
78148566124
887229702465
85553244552
880077757705
295895607830
529299159794
3569378512
213455738875
543545132081
200370024881
538565957217
306569135417
970907126523
428694529801
890722304616
834589366143
892615574542
42710708228
204811996976
52969258459
568560451424
573973011089
33901563797
869237542281
422570463008
939231304882
31259515431
916619487380
333555588234
865178758634
163933981716
918843794886
470473573108
467372859497
47770010669
42705477500
885409548112
687669987528
707734893032
964470034376
594164683651
36605777714
326076341751
714091028493
842358812104
429081177213
717609818274
585250605910
977726413635
852921467660
307318200267
656213136043
996173286609
577398624818
121554682214
404959163454
640600906514
898940786997
970755413941
970863172704
353238536418
899495627477
544397347487
382740896258
514798460863
56207784484
773494645282
70915815713
181772986340
622879811782
168475721212
993681229184
562248828342
97310530989
69410752887
893845449781
666067008356
392941463138
895611252752
589107434014
777661221139
882094243495
557227641803
130555055667
