78662992940
214630019212
516628974987
570295832431
462663851985
276113777887
298790237890
355042826388
788236529038
636077192564
50026113891
624099926678
684951665747
78904503872
199280389273
270116446047
166325488570
908744552564
984079187506
248298588488
7356569234
358264015469
485193027243
371452905177
700765101759
74172216302
393397962361
82062323737
920087037643
69659607478
490050297368
767323152319
601933387101
257339514508
383559650945
834414379042
49535522161
77189639288
81419668437
635963131617
698252071869
480412758513
671880114385
904014183064
209347484579
308497951892
669799872559
157612654968
42928115981
668196945751
190650882512
982707085137
639850480791
544328847384
554359711850
490480193565
904937132856
626564774686
539151361954
672453386410
864759888616
985875486999
907935359347
41293133253
308911972099
391029271579
166467510909
17077674497
554294186355
256217412667
500546915599
230626845281
288867276169
820780969796
336511227525
448495150296
168588513627
605558301213
514275842820
82919947105
526469649203
634594210508
277968025821
47228239608
918277429246
620218505417
902171522219
949326812528
885730380956
8662148319
336865918322
212021455367
440290170836
374782789221
987447717302
133119268021
70877467398
140019437957
711775922407
223870097609
