653830379569
880352398856
98996116261
399982761258
334282058585
136543438480
628099681372
393140189349
329367698876
726027929061
798775568896
279966553578
485386688033
133783563711
909496602476
65655925905
322996471721
540231114519
471366655733
123012496283
6235071834
5289640736
231134898584
335223195715
181881069004
723867899487
900042369112
932254903603
707907913010
543075302100
135711823050
888531165860
989848860251
972015550626
147369041407
290466404583
851991439790
671224283613
773982375907
774582796074
939118481546
14849309712
227669311198
331748399155
56671844345
185626501817
505167478079
230476511994
518540626306
518022758324
297032856042
850162178850
956833233545
693899235857
134498389053
891604946697
771349680974
759887287186
112210849522
969145754313
828152302037
502987593054
858143773410
310116820501
261023641617
549313221012
50965796044
745044055181
326885915857
400940726504
266948837459
356994413399
367455646071
143226590527
206660817483
861657262647
960272995059
824404533186
255680229476
7453637383
560598291625
92796043437
67807199003
501470458531
414367416720
338302414557
497118715923
883359913375
829182685584
59568032769
222116001896
750995204123
534288594834
64811603086
871050752736
770762933803
556472640805
148704941274
294638814050
703606080463
