93599992138
101118826587
47980619171
426745383920
612716284536
820793821873
924652659233
602704420844
197820757417
591125647261
652905144446
267581348536
824952655511
644617157005
322137933064
724790061543
952503569630
24358542547
851308587061
42173497399
266247803584
277155396434
713720938597
289416620365
541323427106
329882397528
842836421274
363697919623
989148200844
949830958868
21279896970
274795410513
220155716737
158636666445
570432672547
447989635960
847711776428
526900218619
748464875601
675407188382
206137591016
447920794400
690520121605
840863041996
366525368681
427630746717
324240214266
904915924023
418627809624
363376958933
160157143855
601317945883
579384415931
216347661713
833532847584
102577693567
380122805044
372831413151
990608199613
135455812937
876703782626
979254101883
677845630497
925436569037
935809961539
980051510416
188163816974
227223321716
381168398217
156272932484
616460013156
773894502171
834078457887
493369516286
638540886627
754827868985
320403056670
443009106454
652029422947
25896464939
83831186844
420024021784
358916177223
325270041868
72381201190
560578087275
962319002162
640340657660
490962961241
838981232972
512867431918
81666844686
77061756415
108344837420
914470487616
612207260563
61413388769
289857448006
688978449105
906102707801
