9045846283
462538669870
284150461687
897668676544
709959520612
39098401764
871978719341
917059867559
764487255427
711117899601
822210700328
87923909599
642151796395
862632013085
869036537847
190032983576
519887244178
364722322135
735234849166
699086405610
86454958626
187284853414
962299420812
698676742440
638179256417
911162068950
516218070362
40839152082
441922573290
362287853932
848167471633
357127034152
29040055585
651877127555
88833068022
32045494331
195238128284
452607623463
582846212663
671978316342
26753474526
305756196438
673327876987
235737662760
62605237708
31035685758
939264714518
880197694834
521984619143
527679900967
112484898626
153981915273
655309246262
282840095731
689790001224
818430766952
969798122831
232353877304
686819529760
343744512961
472563182428
220880304420
584315573205
284454121951
768700602004
573476992866
334181559847
222243126062
644656418886
673593116191
985769460697
208707438353
48275018891
578607762847
408005350402
21966917035
64668265455
923680430801
355999598904
839026615797
974989143018
428008705046
96104787997
176051096422
156572324546
340986119897
122484608867
26207851604
482971732427
79900057465
977007648113
414219659987
944548597196
310532728529
473583731583
814601544463
767813297259
502898446942
792628268525
760091464564
