375728876393
936193380594
309442181027
697394600892
616312628819
179512392208
535729804646
320460138071
757000550240
722678492447
709562742198
621104086420
374346988951
443076039120
199790845837
656749276485
114096445216
406033758375
398150181316
379248982820
736917096324
230926728438
259291489830
415015694743
611229152167
969746398778
316648136185
843913868573
562498095103
198310359025
847888235183
274149081561
178232088681
628265167000
607871658440
114124404417
654446904616
773914538394
59995341923
333989992261
962513294052
693581406913
643489643050
668820598491
290106702200
898307725
707640885251
873067571632
887002717296
784307567395
67328396804
97028117205
315513568194
178416447461
972915635265
543972858118
891259973724
148826986108
212569245776
725186172452
968756722828
448204572971
408319857906
294733029309
608283756263
250152394022
627088343845
317113076833
947680542154
20495955036
81612059775
809647443418
12516284926
867212141493
911739991876
108216930008
114476097102
399303927802
398052538528
355739043200
335571290128
34595517576
895230499212
391561739030
747023005647
303815803213
620013907602
68839259371
95442549624
193775550492
687691478157
728666151861
294320820076
133105371245
480671753242
312222591039
419281531724
262190059389
139605211970
707251159182
