574406778401
149657598483
728143376142
314846614558
170699782665
597322329851
58160909336
866323215055
922862495900
773137174882
254855151555
314927898006
316505322502
195243993104
549194553025
403885333418
987805511144
938667568551
438938015274
738157047736
489166362145
644327288013
626249915030
46331107974
168754483484
132520435952
239251358960
42202688259
380094894570
599070198966
546612972532
271363558620
969041167728
370316023502
763233302876
253690309180
663064276048
616514532684
410157420950
826426046630
898947894004
970234343103
239873295129
473324821157
622117361250
786257169041
660531754994
935781406410
580782513783
166750257938
149464077176
476562285634
690188062468
966909026688
894735780356
536749230376
66912709817
578821793818
576674230421
459887440812
472946267043
812336104968
342323310354
31126730568
388114441179
225067942187
920699705247
355132391055
655944276062
225751773485
890265814938
895316381289
768509645809
390162169711
997331504217
827582205309
40057585224
780470889501
239018590086
637946485294
410684845122
807838755615
978605219213
142625347368
804493026885
671460324103
542164119641
575327792280
928853168819
9906776250
809526005035
544720746076
14992325286
553549511258
651069518034
460743974482
389011658156
262922178887
132502212565
639921175592
