835948451821
670799410797
280991139962
661047837783
427853810740
358812294473
198648355254
595092361984
254471451533
685345400064
45848164551
551906155796
973714793266
453685761940
1240005711
115803850864
964068540870
120920856166
448827932808
465823030060
168341373412
455571621604
141661443129
958219552356
892452831447
528869008267
17565939090
861866518541
853092405333
463690330549
942668276060
479712501510
839798768739
413943540757
942517134439
598789296379
983388733525
424495217674
848873918483
489945553559
277920018997
44735659126
651459836947
537143065662
729011012149
931766817455
124751093389
444075689446
538007909109
791626407696
146584673873
169346795611
992658101860
480807221871
578030052498
378031589676
216676526221
870558981511
778734295585
714329284860
30080784415
672108213823
290544687742
661687492191
350147954873
827949176852
151070172225
338674779878
644133149792
889089015125
383329057926
598210356606
502670651832
737827764333
877646558424
487881116696
277291999882
108016668568
127218403129
304477779393
481656595719
421996706206
641950917287
564590291978
412306292483
851059174337
255195312444
507827517797
779068918789
708549225215
438299567302
478398792423
120109566615
624747418912
56819581954
538103359364
288425432925
382303622732
394123834994
563200814586
