761247901005
148809710610
459806893166
522775915620
357687726480
61471076901
541485824139
856421348189
223062013869
708966163402
719996528530
452438529785
259563257269
92639320302
820841357823
114626888416
97041133616
645682513617
254475188556
119687756351
288143616758
51119339446
945976960896
875544421528
915963836460
658684411998
913750476421
644024313414
152420558867
612590127936
616305119069
757533076398
735773193554
783563378022
572964113610
80561280401
93698685220
794443784498
795338293393
639406034457
868909888809
284266683906
988440990377
581345911450
764022338318
355448574017
99238219800
299701068423
845552639901
850643730241
963747065186
823950511199
788900254593
525150212370
170608443431
145461610857
763426161577
402886247453
401758822651
247581461379
745699002254
713649863161
76837279005
949325491102
189735468
745866976265
865431358938
469969512593
532070312169
432671760539
647973599851
674422283139
852890449908
963857358863
311682208337
849746353393
166706098155
101286711718
188427789746
46740361232
481502601730
940653429405
433554068676
946337348557
234447167283
530703771768
369703730860
288952913386
409254725897
884108497948
917726731160
769693222421
122598770817
691027176366
529382170682
600940525401
253237880804
449790827704
223780942383
900653670935
