833112120513
445183038588
337059545881
661697593560
794344164452
351438804847
65061681021
562852193245
836196461554
324941344881
484308941322
459779449459
12011821926
70280910326
251310363384
28640011137
132631648882
724162595469
389449125067
270400557688
692287789948
347433732746
100348222430
170402324213
664265793435
605969781546
462590654174
513758944363
130937444407
560232049245
242055222449
254327648101
614650045838
977798731723
741439956466
939166733863
528738682539
377074736166
483096238166
568086995025
436032952002
784905606807
955443659221
227181734340
231947147736
405482373001
829157745131
617923810800
223597457704
441250846603
273930263005
601598854300
571392755271
911079870132
267667529313
543428666871
940123953737
405148956961
152488432015
802883429904
600156067293
155589181170
374787506711
875672859408
2941882390
836646157388
67932583268
55457221038
594309118062
707133014641
603329022481
667549260480
149959420408
85985387001
578360346007
700890051915
246926645409
996146089975
288006222936
79809166915
585578583750
445610588131
945694011379
173137862794
301064695421
686643173771
252614774234
435230727220
719245231887
865317053398
533131240755
407312054110
932548610073
18223382619
146275010777
769234908162
651800619292
521579138877
485637675533
357102148297
