380571641669
727317918529
232968964464
274947410309
215340828493
502190707682
432669734005
193628409830
131285630403
557918337406
261007942497
854661461311
624451932921
655067835454
722009239419
506375666469
815578691096
736483747113
616213318108
11171523048
257292168679
911094790996
241463473747
914449255449
421409089322
752188714869
599760083152
803853516597
739761658426
482347839300
823715817758
344226880982
159286985806
994073084229
14599630012
910562785511
460595497336
526692865918
955601999776
751555695251
731183435714
548682120606
52367903444
39259326856
76381803229
260280364046
61637924924
939760446178
52658326098
845202417493
206223324642
392422000777
757320549193
394750171743
659244713440
484255019125
334760630145
2226940225
464368568024
325614600899
94354263699
581703226942
339861215620
336985993976
863594909807
966240591628
435607625819
907883491973
757956345646
547676735189
486769093007
194540519696
736043858169
281751596405
783405266610
893366141570
239970769520
69300133514
417326975356
358239857161
308104670960
724334204126
998836697267
577406622041
476249110510
263520927738
199700346727
371440185424
195949959380
574979632338
964804013556
741429152013
156036011923
556392888844
628664285322
90205432807
838217983240
710981442756
402196488031
467158601163
