757201849853
805861888321
647705680884
175400086430
814268368784
794171736122
405916537510
257271634982
77707303313
946132730049
310779678163
607885776567
283262350839
149372989646
788912630453
870658937996
602099014384
411047083521
967677729441
966428351584
389409573069
162361673187
611088923022
524214553944
350108786345
362672884940
604172873140
453688685556
93424121559
39245420222
525378620669
226370685388
415180993800
290760850542
293949424533
798834895307
161322029970
473638046099
911168422512
772569352404
724509620090
786599014593
581068793428
43385639981
338239400499
374171557017
921979888587
993138148944
314693046418
135046431118
487466467200
256563899098
905226551421
121597343895
939887535363
532612388644
792140573448
502876927445
278957713884
451249404553
252788754799
205008018326
15576959745
963368939104
794155578023
442710304325
741478424141
384759043533
828561268665
624875283055
881195306345
858351190035
143866601165
333669059706
670581296388
17166552900
957198192382
898867814596
921257141266
69036454288
704781607449
331774966167
904819293149
7766002426
923810313740
633592458211
54062227323
820857377934
67793444855
243347085144
672431340775
345807176927
828597552738
356348415595
553256866120
657221151767
148223560379
507074624191
642864971959
976613389434
