108761290614
769087500843
663050050522
448870673870
660078224354
391371167301
897936772336
287544890305
64586337885
563252843513
267239613772
273773233676
449460565101
652440080361
78967589657
206545885753
47857980495
596374233798
94872952567
775846694388
260721935425
907645251629
807929531836
575480655370
896481423956
653977660350
541400688031
400903256479
589567745636
586927032648
573740312401
755343448236
904309971691
978098836958
980629954119
857440976500
9966742569
634595630771
459012672286
327767114206
980502507538
349841458197
814129014514
744045676617
252068170351
881534390701
959226731785
932333691276
845750785780
326384167895
678688240513
863664468479
51112644686
831621714475
926798044371
870214882554
379985129411
830433521413
805260214462
559766248603
213010659881
842861857072
194247027275
59245394769
259829214571
758122533244
817290922903
831387986673
514733975820
242878188895
895622360540
678961218853
512516089289
454662092511
436567345699
349987436112
495965211966
913535559793
893024778399
971007316154
778295250793
868700782050
453475748519
879759451005
987295249031
96981776665
19788221282
403789632382
518279200927
782745829979
930429627037
938908568821
558639843883
494085993485
69765286643
752269710430
136432740930
34942791948
582090479976
840195233433
