196899540876
302914693517
65174259194
406336391639
562692676211
314142008983
33678080844
800233320472
934094809342
593076261539
384227634455
744462925621
365782785832
349971376050
518405066222
573988562827
696324112205
612253421733
931101920830
139781381254
490185585434
590489238443
163365679556
518875009848
916185146475
803094984608
460456543774
779406547745
628713870734
364106442718
143687826585
592330417443
74253697882
837782361599
943193107746
294852237484
451480498669
499094670708
378074659334
376122986963
642460055184
317742816155
114853473231
994845279173
735289004844
611890237006
7382858674
790972539108
336161059096
46338235417
717260320646
666197474761
236467505409
631364835013
749187027604
727273130857
523592226099
571696245484
498815130138
294493466374
389932136602
87703002269
130490642634
206153752488
875267673263
235197546842
347291305800
548837201087
230331341358
912679947093
278861553489
15703610760
261704708496
876203963351
431082292400
944769310482
722691385527
735548640319
825677240853
108308505698
543884444376
912714395202
666836000481
944552663930
374881708439
978240223541
201873391719
564114608263
977342398522
530571525044
916975001668
195975041934
807211468335
3887612636
580024734467
252988941382
719943693478
332651293982
838980097525
428749030923
