694248965533
958450938149
754965916244
955491654040
168641926699
658464843360
575504354760
379045512928
892132151327
537820847472
856919738402
281450269311
504725142145
690488969023
191332227069
726761070802
231714020520
597606755719
302306501664
830932898796
115995502158
707153502885
261614834757
309720234434
290760699044
208278783384
739192707328
311124729301
529911240333
66798755697
323419867818
527802486981
149432310197
504334751972
122162951600
445364183623
539305526460
460816878902
595516705365
889442825505
103263481321
496916885874
758294894437
170343743866
11763517688
704620283876
664055325824
985414959958
848478694175
109902527570
873601679828
989356482107
12725031136
943719238497
649058949788
659673977161
461088658320
389369292428
869194524398
920456130650
524939882043
17753422529
937831347484
55743077982
627576652208
265461265884
553004148327
36853568640
316156794587
840700955056
367224677034
305291681682
288561627912
246221930424
302208402979
79502440478
440479247106
73516546917
760165352943
137996750159
182361047540
469476271969
130043947973
640368996478
952492085880
734157937447
237516757821
831574757378
572681894929
420271469757
685877796551
426183451228
737186646761
858664351564
400269757573
594709083902
456991203782
771354044614
858182791550
907067654355
