590228536269
134429133873
187708441548
756511631527
100696592186
803205163975
133528060981
615809234322
565627473347
178925113390
519891181791
520127365847
505223438345
384535730922
795794787563
834942952709
802718797199
836038473085
344946564855
526347568777
280500083108
242885685383
132788314229
18503878751
617191437354
258567739000
70414509348
437461991638
172146766020
19774887804
55528949513
637446636837
184866649187
985437466783
895443306593
25986815376
37357305817
980618655772
724492928877
22395934948
511498721872
898054410264
386707115269
19307922567
245235419318
923760265724
257215404929
241508459933
728082927055
4972186712
50003853499
958044825977
789920490057
876309236671
122233823067
404584029328
872257229871
278492522407
698902181940
901703350202
617650793029
922938584984
92732133164
527795378587
567100948647
187442751854
984464128552
439171165732
143189134149
342008124088
100450920561
961109969694
686419424262
367096067595
972501400643
875074608436
400525085922
204157700691
56990622858
600207301188
952094524128
834912074867
636261662111
346679303018
564033217759
234069134521
459465352480
492361918434
624626017673
109928660521
559552781580
365291771782
740979772042
990396888585
444651996877
591504083615
77199163768
84712591640
796528251128
784654106714
