97679880057
783449493442
57488272118
906190268874
785320459216
833482721566
281561365139
103418252681
296456062504
399887337400
856259707474
860831770580
207877208967
106230814525
997472282315
476435788971
243958357992
856127286881
404566603561
355114442052
914714141585
981598552253
710826218828
763258692709
45216501705
597871345966
231349147302
577144492541
586352316777
405991467140
121346703238
302446631023
994925274055
574969113881
192740860237
731058787085
284344735899
612333509489
82211495819
167900185679
963723616376
351149981879
815218481874
195746233775
865765590828
747926033450
122938806345
970093043234
622499854099
933795232922
217751300772
425775915884
599108235728
523741183158
714674058911
250532313541
775453127094
423412659997
497676936909
710906514695
436004067429
346201769252
210481949643
905109159889
326156234238
340002973053
967391748439
556543191817
182369448995
353010744400
478844474857
807592209448
798127555997
221116323100
759000479045
71434268394
936761613898
558245046469
796185907932
823493804571
682707747674
74892320742
737665127988
604789836596
761535416796
467902430950
112419088456
254281257982
328696854382
916919986693
878460145522
40590925388
516643060693
445385859678
614638150149
917933037043
159058236770
889434590002
430899762816
885183240278
