708215732764
209897447275
600477767279
935117320690
316163962754
83882676322
931055265322
46047300208
848423579912
186094352813
376869856995
814227156585
845046819918
491372940490
753803911240
628800331800
890653868342
230933145969
543558536514
249795402465
676606165041
176169902937
872390525653
876994001712
809964574006
311680772824
83609759988
842302510735
838990860586
745901817030
324858295576
516559726997
93962032536
297651566939
898519397130
907208151871
453701109734
775624739306
991936469334
402545339309
642259779072
262465754271
641140371423
625441127563
706853886869
839689983830
787033580889
755999547146
860043059897
317408614847
11463957601
894199558747
872481878931
149006730935
172097808936
542214181460
57528798237
755306302940
788174521254
222682442412
625760687506
610783576262
77340108032
295946321869
227814477757
413104491302
602953547560
439474065877
509309371290
388534135576
693313490245
22537840298
91637385116
371920753479
105512273469
368383239239
896104858434
85221206930
204416610122
866859827072
388259168834
335406194272
970823674239
988386865026
427226754474
411821148885
85119438820
527703487986
205342499098
853935002181
670653154537
60126918109
726673044969
833526368741
991036436674
812701458254
423825561484
830524932726
144662403599
740133780461
