314756286880
126888620536
804605604554
948725729148
466585520593
228740836388
254256285870
944984736279
595042981438
59124319686
481890698667
657898281233
844278773808
981295083600
599385653788
515106351267
134380477808
207814306883
564386536884
169079509366
611293516417
481234708195
768603394650
647862729151
569566580494
179956070768
321243334998
191645739480
448787549198
955488551261
795108576946
397471997991
874172329319
670901842192
721603925799
675519097538
937405834786
109132008991
714006524031
413057798871
885619267636
950497652467
61141067952
509521635166
191054963175
225980310346
748909035780
296655545081
867395508897
754907400465
918375634236
640234634843
444603839315
293939818264
908243174096
171012984231
754124469958
117624498485
851966721913
816921257318
24897095555
519059085777
446655992530
938740142250
247703755812
363597288070
260823640315
96857525111
437703723353
276505033211
100612444201
770317118947
819026489847
997138334744
80138692811
665665128417
628975534203
615805476165
127639431519
780671351496
944041013924
717686262548
751588322374
840972962722
947118493904
399883803808
947950436920
87155042772
560564166992
99388474817
878897921597
355923817202
577768094873
522243185328
863466972192
672947951654
905151872081
106206183503
336993250065
841869764175
