39493677510
335399350961
415156889714
462045860421
28940956933
296191700595
949908455916
354200953712
81029423884
476964512275
335312488015
939091764823
480841989638
539984395413
173025059778
609814732625
777058696319
839472355575
221001923840
895243033420
553368059022
592725078734
412338152775
655902819687
148143230014
406594497915
839054292401
74951969162
959577252641
847944496388
280617123173
993725635493
443650471481
196036665181
931741951904
929415058637
849493158202
350778889506
586852454882
980322474176
833002400808
476536185089
734562174510
50106997971
616126072049
567912350140
996584022253
991107463924
134366565186
397516999868
658457118680
893798951916
74822203102
963096261730
333290126021
463849984639
100084082545
242329552353
90943392232
853344867355
137706875641
417503004058
325461164915
250964693675
617139966582
904556683476
72022820489
205322160292
956636372665
179128906012
462123751541
577854435234
712593806388
76058882908
847367207538
852460616953
439765298362
348668832969
423932480672
746299749216
729453016454
713934408567
275646089495
967024677665
887501819667
951215595943
373145656342
275765173313
714473153967
247038393199
562693999473
931941324932
473099336911
462201975326
334969465998
410456873900
888178170123
949220245228
322268637219
365106889437
