892112167670
274011966944
79437369320
257788303104
646247244300
501522213225
169185258290
297023859114
470724739982
81474229575
551670006864
760484315971
699538627611
246179792872
141283182849
147122288990
605127686271
737776661606
486855973202
652886577255
722223995632
385232576993
467563675650
969376448340
424668585814
106628451162
551685907225
982185372025
672793349606
844728940307
821274301153
792668806847
238312445313
242135116281
401356134095
523833133962
361468590758
674968916282
986722417056
419472847091
161704546963
564924743355
383660287639
48635887994
547919497557
490937333228
433312837982
120500463903
492066964243
287470725224
821540136158
272720282420
393413188226
926102263637
77372204581
677556368862
840218585862
703482795183
270665842231
916047648373
915002871960
146525943619
45594415754
128482742041
102398536372
742536181409
742332183958
90617905118
35296097014
502933624283
825421694157
310097223814
95198276865
599374321573
386335624919
991902212897
782390620326
931614074950
252130971880
339078456960
687054570791
42455731588
980390920598
203087303732
293460035363
111799002878
575162482734
820313520775
12486882159
528207368154
240610279682
220908724830
684306002209
865827590544
195493231850
449595540893
590746045094
219207758862
786103999060
871939902455
