225737641528
433978459909
876383043699
775893567809
420400345997
826907823343
314845020679
148190153690
971232909159
740503689782
887411380749
649838683534
696078185673
848373226220
209667155132
243122347034
317476402244
612604685553
231620422626
25534397083
438640666906
55654080710
200545800109
774394046848
561231417985
41271470112
891446032826
651144120019
793158605219
881612272249
357358753023
861929460550
501933331949
285008065585
335004593398
751986797995
476112025668
701165395194
968089918176
592723120990
762472531274
604189333184
308023379291
967654606348
786942423107
839377327662
218616604399
743813860277
734679973122
693729177529
989207148904
494532310746
370997400573
514699150811
238946462932
492926402464
699775025407
565386403091
764165597938
68754017270
862439846874
719610718864
492569923903
322987269946
594442297429
433453315565
966288207161
922335515823
292856281320
995524561957
836313051034
839361234191
492760749745
763061248435
792066661270
339196645088
111817208528
671182125649
748416935936
305337444350
570908615122
308271180747
873396323143
403542907240
90743904960
112779742348
122947646081
799411853287
259484664850
544326955366
252277227428
671909784222
253322852805
690570381669
960834596296
626805273153
582929832392
314780816896
279741139068
592811820246
