836637990680
619470073232
743528989704
564902856670
468974112838
772833318954
122811389555
372310689259
383020442414
840045882971
900028995027
132444126010
662047019944
752701023794
642299122252
543836695614
646299142034
716255308833
503080090876
365500303466
606793241003
89155530681
846795821887
831879869047
605730102084
58632670553
811128602188
475057698119
587280346113
743346765934
614482545552
216153186809
409079953315
412401857328
899928967251
694342535103
135733677441
587516350974
143233528582
402846240414
296804418481
825706479205
187739686078
18941924019
545532746544
145650858131
987324479234
827691318703
412336065749
804762081604
552800329400
758791150317
94001111244
84015260667
224917298602
840198032089
405264909244
836472386995
422255177227
506467041565
73059008075
75939855911
697868503785
102304090409
25721558281
285184343319
297493386143
655361610020
567418247886
697178293124
106530201218
559983072008
877038220187
831211742584
885831366354
941713917617
29845950216
792169984344
233806863413
250761160914
335617260538
544330617456
129769930511
649947841361
204281789213
981488388033
283843581971
6157605953
674409617358
677158631433
553668282778
701240153457
410754187321
920357415436
66058741670
854688133120
859376961870
102922214548
488584039175
752314779972
