586401859312
81228738385
126762885260
440450945427
314770767031
811340858669
602302119065
854626419885
588569273524
203673747589
402962550372
968924534043
619238401073
372635980993
781631226128
547745725050
749069693610
965925238909
175563979686
365966504613
583570248735
854446774456
386348609227
769602685148
775995127176
48839149470
791155404170
620943850630
491964674671
976693511310
489295511746
396000516454
202424364984
832074509556
37905769594
409363030764
599322830239
973070933252
502371981135
358493960012
647010483487
160574783223
259422463292
147560388943
85675571274
416272509898
919465346879
229102702787
137756068971
700548423547
777775826946
9995810541
14364919530
540519895870
302911739572
589637075096
979776874894
47630589724
595642465250
649802458387
923645860475
899263076403
302361105498
158486475536
143470984427
922103169340
356569935824
611496572441
106583108393
523688719568
693737545242
94470830846
95537529782
890679102006
36831704453
240041267565
810964156683
986059336492
809313100180
286913211593
749628540380
621752149825
17156381213
787214124905
931657500787
243494062637
510843007344
812510406469
604006156903
182605149644
423467532305
659379497775
198173127966
902778964208
388084126313
145037912232
148866892963
258363805163
694440283520
500667252451
