452890426132
279798963105
364201682282
59727866203
722275510180
493566572933
416830412920
353192422327
239022447031
697762597812
336230857618
49413856743
713923153000
174696788837
272839330295
569690995380
619144474316
37655621759
13349875789
292248800620
359232832070
74003204551
319383032269
605862081786
323060202836
673198539368
462729960021
971391081413
540245916001
641820668843
731479184593
406173653696
99710962008
785055146654
694363028813
618941254466
506183463011
63566712864
520645912205
113726660754
234927134031
328498127684
963944054636
956437168857
214671579966
100755953315
184969399692
628802706180
406490495128
510727523251
303587932315
396358327594
29360477516
161987954268
106892044849
117502429179
809132754095
518837294887
671035718058
91956809279
638999888057
972283109291
714827531258
582365080966
353002981012
593986546437
159398075119
116143211456
913674251730
178263155223
352624760280
383919444133
501165877445
736883433187
454355392848
167335980573
996435465383
107347839268
624311143900
502292979094
677909656161
199704161110
278636439994
104879831135
686882885414
371199823845
613962141291
195053688614
569163592576
332678839636
962155841880
363019011236
418300150468
854934737840
512912821688
453503495784
262626837332
73910028229
701845512885
412236015757
