674266349359
492609489242
291422944919
27283654632
741839793057
153666666816
364852494451
298667871948
648061951871
181533085440
128806192399
902485891804
643754012261
111362397282
948212490692
951924799244
151413669147
820342140950
634558153950
257574253528
135503533442
479469775373
800499044596
45200092238
667508349385
631994080712
984836493158
360072533836
537856499526
394526623075
395430049904
766345272669
269007456543
929782313663
376435029830
740354179091
780512363295
435294643894
524370002720
978087820547
239922784574
35214257096
410092485474
72706494491
365007616780
861645387749
200501879265
415558122344
41883108525
991424028018
987470106146
956171472471
390350711287
285257580427
144292187051
883734385417
171475190427
48737301574
55518967289
728711510893
771351184679
376236045001
923160778405
623082459890
59182688156
166807568270
10533484686
961358350807
433843251021
72805157450
925856375346
494418953988
659795818085
65812587588
968098373870
286156277304
173368737412
992754995180
58405560824
127976364009
937584216731
287802150909
872668156501
632822175541
231780803618
914139074121
903489976418
577198099048
227435967434
551873480302
434357938718
109735106498
441554983603
815412682432
264440325843
698726638032
211771461098
154315244146
496444105730
624631431490
