923170454873
41255538079
352284316767
78400218730
970617945228
80995813859
783743756810
499889750160
525519994737
367846317121
768555790751
581240886626
902064433366
443933337329
650074225154
834150105662
179366024717
912021855522
792322289240
265238193048
665316238358
457248770072
943711905750
922739886876
613291186679
165509792725
948529469946
291874186105
323348379494
915278056834
658815139592
170334134288
521884004630
808209213668
446951418030
316720135556
719358596440
350088954752
754363855528
334244337402
816314391378
567416185833
625796567797
703007530728
101694931225
28878380021
134034015164
962995365264
892929010851
264421477481
106286634181
255555903011
5148243978
31141716852
777826588857
542291661221
119269782693
795388874999
933623437278
80332022315
481717514539
31103231494
208206463509
333304871276
241818461752
21999359440
726539597927
759396861343
648450778890
160353876907
729185768727
207351266522
710420277492
424698491349
9881193551
105038144142
967357258871
274253302155
662250652058
402211005894
224910081564
587197831235
147852219051
45123628041
873568608283
258476055913
590747585627
693790617582
151539034245
175684664309
879370955417
758800208401
490558642263
370499886209
669082703921
685594352244
230804269816
882992192690
773766119994
496179560221
