960881443893
610145168926
386752560760
207064216077
597827823059
365829561612
753648253589
874658857221
404367154799
819181280123
734500063235
346957798956
203390107198
624610014755
867122335995
809310202955
176481970186
127700648350
437537806503
854627579654
210623244191
23791783998
935095577256
225885490348
372795351734
424894515138
973323199119
768340853802
75869609808
66234971991
927071262703
950572223990
126523719840
945202471917
855918368844
452937980300
265046557897
266747769988
841231706579
382167249626
646732825421
654206351996
182838147723
919056938915
351665282800
697641120425
322580342862
101940298473
124349026686
944549291198
30231257008
314211562036
17594750834
573682853349
871011505442
772154632203
701475110220
304661879737
612231738421
808408096183
404460794350
737023683331
148806462452
557635779275
195856889111
898905745236
781279653277
833558188086
812497176372
132055906705
89983913016
399348095271
645158635720
810428979954
513436879845
647658837510
966386933209
787302235876
819013132560
167212738899
145687961181
562574748883
65441569636
28441482524
861654074915
789973096395
467770887656
258728822569
203521368341
860627040237
762955711914
903318982931
743732408464
47939635190
608208895990
646666341251
998676223239
338603965254
702455008656
298068486119
