222027560507
389643078070
868397133075
192512907724
15317653760
688306932690
195000738472
454448759354
989819593212
177838456184
49826718379
234962262581
834329432706
145960721328
221292527045
326179871864
614298886847
30380835267
110479430486
791306377284
695487619022
297919406632
152858613293
64030659730
119801544355
437459958602
219267206447
858421122615
834716912155
462649673474
299299731038
474225521612
212223433464
92625381168
229439546467
105619742784
220771742032
137363482149
148294048267
75426605415
575278663930
780116434662
89339086475
659169962458
20886104648
69934575446
360581952784
623677151955
743832235842
118634620637
255329648157
286978862922
783508845675
586289437571
206430500031
432620537251
398128085561
909702006834
175822658868
782008246624
327297208457
372052171481
66565856545
71693201719
322843730870
525626297210
86396935066
713907955933
985103847135
616809648666
439851472742
806559105835
355545759931
994299520388
548619613282
695059858202
19330642685
304014481349
897124778303
150882834402
746257930840
453024332575
817070196205
439603227672
249694736218
582320395172
778162704973
715926578345
25982783986
277426694322
139070946609
787763147224
555833727176
604564396706
393025600537
433338041313
231633881613
42017939968
948302769613
404528524619
