627086007005
134233852871
673898849024
248377386227
386534209867
928782802420
263217904032
138989925243
527340686568
860770102332
252528510671
26277345720
849030417002
180088846522
590643777061
143861804026
563904388966
553755644077
122223912105
693303927797
140109259888
595564073895
367439402271
967204726461
251139878126
957052461242
463411618645
15216898825
555114236380
437799967917
388087172507
269722440037
267817710227
296430559401
492992723507
946056590461
906698086615
979480367778
426957639823
708120931038
779828830748
624795771171
274139650405
159852632980
886674276327
588465259775
640627998156
640861619695
911841552363
869771775152
168335826039
886069572997
277681492672
500657668956
518784558189
160237168554
481841998443
463965571726
174200177485
200210321475
897118500935
183403083108
401872443592
956965585061
677686911451
266217011250
471397819741
287891747020
104878376135
681058809607
740453469138
489708652855
716387902437
220069489587
29645497794
583909126299
395941994982
404783638378
807667620115
29011847322
710337842014
254156934968
291921406506
877225716057
437073894754
989520281594
336367695936
48928492309
175698829276
325946867735
842517728942
418794936650
172178123388
962555983841
995613161019
453597583356
977912085232
993478165383
66436788078
938374682990
