208177042444
708047799534
681605484318
431795723206
2409917629
303208826108
107699210107
819399282682
439053758979
480426931196
701479207082
785529631644
843325406204
632890169981
904341162957
287572003788
187651531126
76479296422
841946579769
121728219663
311927382438
664775850495
899358375472
416100101674
51685744586
287298887401
575210300565
574985290374
198661611985
365294205963
93525164588
899802258954
11525195637
313602744331
542843725394
274526197084
351745349975
257797055059
493207985567
516442241302
800541897523
628875549741
586306231931
670175211985
558987643702
502923644201
75144277184
913364646601
597341215437
777209686190
311022117870
964345988705
889628560898
285373410051
364774259074
261544177587
22304191012
222578319760
41842097461
5401828717
458547642767
709049583695
692353907955
133321050783
272730852641
156585894139
15575254702
654991824851
212052232079
253496231753
824571610365
864590760150
388842255104
969375591288
738896147206
810189676597
326057649129
965899507435
595789321355
915479567841
258869897527
713293350045
329427781261
384121978060
756472288025
507958096942
732227107981
315075935419
828797961759
203516606168
545106242366
734688551219
608026549449
818824044019
166171704891
587125636518
580027031716
205345914127
976005160002
575099038391
