460400450842
405489451206
904666398864
17048080946
908999556627
191902850373
907707373419
936300112176
169667383765
857187057886
631846287678
73209610193
543252431013
538427174497
988505983810
20182425513
238683939166
533615103526
824437904152
828653598709
134885792929
853698233388
434046944800
323806482155
967642296885
534033491000
803253830742
371410881528
774101700441
531004684427
672200068796
758071650494
62456534509
681303972382
367871896756
230265245058
165028818747
264980110324
385925193523
431806877316
826417171243
634883811002
888282096324
176705797888
78671214152
701688902649
185577426578
816851144941
514938430387
38207487625
27691911683
750751017718
54630268086
423497798921
703531820208
660899810958
353972922105
799297114445
742000923484
818413213665
598914925336
997343108932
536093191300
63512638808
141235568334
328118614805
814015350566
653454744732
74217742898
757178948721
783058163537
80031893366
928694489832
619549757489
316064094101
31297227695
549541923012
73575961638
205201822781
415919864328
849328825919
988003373613
703314802616
595624212011
915737349770
387727502941
475031947545
533670491033
450260339522
266117646276
979424587029
619826912858
841233298209
332316509313
664655022936
154598516423
943634673150
251617663563
700777606225
986320603168
