978561218200
569941446758
27981716056
380997990374
362060569003
585109644086
246990149975
379695713319
648769194398
677686921867
604454868606
30520879959
614259375998
361704817194
594736883816
702138854108
155466316252
699622326359
817643051385
351826226467
98903807723
712500042197
71670584121
644876977750
414065932055
821379583230
610785589368
435768386106
413763952564
18372869710
653621647384
340432847891
14236566636
472235445936
223299652856
677628779416
788565186197
544467473034
926846851345
639010332743
822900363982
576859449209
985970182540
726824683092
192288378659
644184599506
889032397857
169851068480
356694489315
685689059778
702801398563
94146154053
177312515105
976113846688
643637881682
773484799635
143896682407
792179533187
68041860583
569520149312
120272743558
636114502281
593273926012
555313254367
481954326118
227178522106
105834322984
130429490341
25921031033
488736063831
593601196041
144573587395
155716349838
841182309537
966774558420
931842468454
486972730247
9652865845
123951613519
366113263437
434245366316
24207478514
324975139524
798591027713
52422945594
30794799389
914333135905
127556796662
867586300535
74102137636
492951302487
52824404859
398460773505
183931776800
726948115377
84597377264
102623624474
916185853140
723868218329
343343117730
