146233334492
572544471765
621716819169
448705630233
399636410342
229544262721
760463961558
802884028679
740631844370
228354583414
135766652418
108697882811
562641333797
607154009216
756653310126
861029935015
324981625172
883614576500
553690753200
549936312685
809763222469
185547459218
694431852858
320853974084
230621089099
11039006081
496889359218
736275574759
100983855260
580757752853
60218459215
536019142765
683284407548
411291987238
142786085902
771981088053
530580504106
644812224586
523109907616
841967551818
974478301115
435438248199
161776856945
903267731931
239512598479
112240369411
938957389939
736978808435
182385940391
125518766193
663806324831
993172584555
57979251535
586406447249
489175920451
485177385489
899788991437
938957033803
396129478031
413112606098
685243806676
364877938122
558972441341
671841993065
689051632660
844607557799
302055208532
441146721838
713860146814
770250379533
591948663238
455289736373
626669702951
548345531626
80663841455
325645941488
509733764839
935135493598
854101587937
801447621007
737926302557
489218211642
469022942465
648468160698
872812234331
429956155295
589702957921
763436160461
552234671302
357533009454
412039255789
581686537256
873091290601
530678220033
847049115414
700709437064
509116660948
930270468360
257015319958
160200974385
