118247193045
647967979569
48260359095
14825883170
430462645856
769163904840
169545194903
62456289412
629963415862
758454683620
242266350972
852117397861
495037419533
146248788653
287918486659
989507785774
175195615416
698081141846
263149615936
947969235518
82774535994
186280387351
81733648706
6006066455
684236455087
685280712921
937648193466
432317408189
255486566179
579984635003
919236999180
662026443833
592722470523
449935269907
461227143015
389107156850
396647277126
288840492211
884792812248
689182490824
787755753145
482792224203
439050665848
434372528422
81509223461
359036792972
246666661026
584969028026
96845305059
98202357539
734581641615
13084803277
514982006220
235287540858
217898432368
176920227339
674414304149
144113769511
932111837073
764240974073
688042959624
434482385369
285277416758
286310566706
587908498735
769142638299
308243929963
743419372123
685601257715
442264537349
783734020953
917941754594
890354259431
928566904490
485578639571
293597588119
755034717002
253246610578
966021268983
573549094663
406368183145
646046914363
253729069647
534462136769
730409948686
579359207356
114047384034
932961960911
943814088825
818358577059
864050773850
68300175837
515470588550
868980928595
278160282354
475965043344
270389701289
493505361751
491668098564
646412347446
