926997900470
905106948190
798833669105
938451992894
1486257624
996936206700
710603915803
707408688149
937978408866
589684243549
197314540249
441067996318
722336869264
234052493474
403647743267
615911611131
17390750741
417410994658
938007879287
543805063193
602582356672
917766518775
791014697098
906841072241
501128039026
506988586420
634142868091
778281826737
500910814627
912097341929
957542443883
176587950233
550029110940
281543092367
303497859950
474587369060
723154523530
986668932603
606030672362
699859537220
399439331718
863786937056
283149110225
826183931461
468967950582
196620355357
855992887981
6985571258
684043946968
328104330576
667600848015
229171802942
118999411172
262855634944
43167590118
331360910687
215500209611
334409141329
345721320900
435812155878
419936247596
55571582029
73730969094
581178840936
156186031988
511357059354
174587433386
31524058311
530795592909
519831450226
710054197301
231743969998
849049242261
255155077612
229868239777
451409363234
741568631237
235905224239
737019137642
12267376947
999556761408
231341882960
624356492577
374900564707
40636110045
90019265696
23882591838
169171454069
52891880904
729256446971
209692849627
209525611879
748105328939
898054990616
752252869393
316345988336
250698429107
536476247381
909513524317
318437865474
