292395179357
877848890524
93342871873
676724329342
919721042520
301562951996
368708273279
395441516619
950547429422
419097046399
171349542948
902566092239
965870992130
492734874502
223895738121
90622284497
918380320198
440575751063
598318027274
833047388461
279251005378
119535192129
590142182189
20676462605
636055411526
879790349287
723776679204
173310997794
753327025290
616147066342
593456606837
885297012709
595029678247
656314642936
783612423196
62287757577
14022964463
724171138634
162935091251
425034207350
324033030676
669488022134
522349786942
349316831161
618974246731
59638043398
494674388027
468650892769
608345952867
794951090528
334142962724
995282757032
744435141046
393552378695
12562319841
665539314772
468060254119
78855541573
299822721512
417636018705
608248447619
938424336263
260135296172
553597200247
989221152624
768808459241
349043338909
742479284069
85048369408
724433438929
251772791218
558480827559
50892758480
539393102735
344078431423
770185575106
422911977774
661667778602
367727913086
501575876060
753509704271
659447959749
735910183119
963300805554
924754418399
224524077660
953467506753
655081250221
188633342311
973938740505
796804731083
710846763677
126531467173
303911698298
261617884762
66125820198
822626548410
648722534291
305628100986
746300768298
