309221367735
231692483289
515786285364
270813945503
910374742250
52894577879
23968427279
419603128335
350399293333
153233234065
409016172317
564961745833
68327103430
193472997645
598733869406
555619737810
257170927068
566628701684
961630461046
360128920871
961414409696
180044657221
640796607609
49877663179
924953093651
95851567371
985381384606
55377898356
806113011651
972584982324
615158970636
215395575771
26043949808
953813158596
637455359633
685615773528
609537830292
894566451710
367168515356
385465822551
4228928043
142209963332
930456131831
430043995141
811657916624
428397963562
484746050647
846079748857
449135775393
42966158491
496067554030
582139164759
788025343547
338214326636
90042111152
514630498558
481668752617
104152471203
582483252766
74260328273
397756304155
523299364249
913051036785
723175508318
955380968733
813925108142
264528952999
32096609618
84067018291
837099020941
746351223655
54156258675
390886979306
684751676900
345204249204
775879291357
791786115797
123379406859
619757058831
662074454638
805547396987
687600615594
347734479194
341516907884
826030577333
934896771078
722032696414
849195195877
192689141705
218537922458
802502709779
12335726411
556433481393
39414606306
575016432844
549643593251
930790938993
556660287104
620187793266
720299051249
