31256676934
427092017188
235375175170
310648457019
381145345545
147678119534
207200889014
698651351111
741002567827
457320167726
8336162009
830333515470
630653735353
666866724301
343999223893
671920732259
921145955989
95518800013
258172750573
281704469986
84779906298
355332050996
149449177332
55650375773
626349498701
95712981404
241954243245
53071189333
932903904956
391394370855
828629584812
142875136639
580989448278
228650561617
415027262648
729894881714
645826977374
961625403602
885800887964
484749681853
375948059110
608553930935
978570570257
586185568715
132526846171
736793653745
503861265258
217789665670
357239069774
382411422797
629612425116
170815563348
651301072802
853519259223
509098716563
139900020783
589677854864
167591186736
953414377443
93108088085
691164795872
495529095219
326332167898
570474258477
396601924136
252724235623
537663851907
233721166692
959254835874
294731257526
950701337004
272177182809
933617208288
739373577294
932021860893
801109455214
980121328291
770504939423
430061228225
91697538231
130810167739
49853964453
843266131960
243298570907
631933221635
572467017942
249030733401
5644334973
38269457250
536789145242
292995837265
611109110320
155937149534
182038354319
359845911991
669926044394
84132339808
850296450342
974700145747
758169384795
