805667685962
783826219671
719342425592
118266576035
18395988717
103426009875
643807535890
716384731288
852356799710
105469757823
815529151461
680805428217
898429234404
783078846734
54795889087
458846674610
999392946492
999632073830
155931948517
654649855424
272722965970
743367315062
711531344019
385978304472
703903555240
222660433015
594138895525
355643419419
597299202280
631727953553
115195590688
494363732373
782492365971
712983510384
466405808855
839351697258
143891422715
184243690259
495862718231
467316407675
323293675974
198480111329
404064771808
170697623174
23369670332
510878469554
780811866416
598352270488
647990576144
814849725672
813452789265
215748233870
551289747306
90785651427
662140050237
555064634748
256247777998
669577384900
803641218044
527924756421
456008693698
822788612934
144709078797
845754948620
519506408181
705580310622
32430971641
8981029641
317626126075
936751148292
436024213146
485310540603
923505021053
589391199209
761013651123
668970486638
178490617523
330496635535
528946586972
812790019185
924997871928
910985837543
683798923987
24176658636
678662891276
284772440332
968414430329
83428672318
983387106208
54220761198
9737831484
350922179778
454866536675
110505514345
433561656359
940141753509
217941414977
105475382719
751334023387
346127977527
