553629071081
695156196140
538377697139
970815759823
649449083872
712038425385
453373520758
154066497529
713966600857
492971867038
326194262552
65610207037
345438135248
685971459883
755947813692
943678549979
711238187095
268033068895
669134221079
89225532404
463157159816
694493925719
942620373639
752413116911
461674160629
838954290820
118788307930
358309041002
753794195239
152422730575
554922996288
891225262194
937310830703
158975330529
791328676313
536791289583
698584240601
695637223248
618757885002
343562416552
64233375202
506442609767
597213432540
715967612790
843674618660
6978179967
445749041622
479773933743
95802683208
606004081181
226168424296
577361040603
988438045896
997082468980
425406729809
263270341293
83486046913
547467807642
55235073446
388648923123
364885782292
634917864985
957305621549
960408000312
917204117936
830700567751
730753046211
223742951897
641961532181
788929005578
701987772421
908959323452
789075231908
162480411204
326677072568
912310983880
761157726299
545356491251
452753672988
14758938698
876374872800
740542649655
456312091305
98195536934
594579308146
184053881252
880170789056
434293752235
303422763262
359175902885
435812358549
255033883111
823787624886
357259024051
67442801284
677621042063
780164682788
410660179761
425980735579
437133217253
