116646904797
546191475765
263772959816
312002739510
194276117519
451988532335
245225742932
221714386813
512588939926
903042720233
47472173345
477417428468
328096795729
271458286139
472829672073
485230630964
299323265194
139205514251
742194028233
673184099637
377894858568
562250543577
389390263807
921339426732
276214409979
805347288297
387039548067
582491495272
494781830291
658494752083
591245471201
400422911266
308029867208
560698980314
272038920957
511014852938
250981249700
698888473610
371718134790
735688117297
139558830810
486292105555
534197370816
132406574433
38357551952
597545222739
468826499474
757170464706
532407631052
240675540977
385352208479
295723415597
833516952622
148069951911
425565837226
287173336166
829389601241
144440314168
537189439778
700405983865
378034489704
837953282193
864396733089
558987728025
239300952740
95106699503
567894534688
909345489556
713486297756
795805056377
315527404918
416741099892
144087725605
834553332044
991076471793
640441548972
508852618611
359869627492
561683819553
865069160942
853405618216
820516142065
53533296478
819040269711
294676412068
710771626283
164482163752
577335311209
669000328674
560331842118
252295330950
82119866553
703636915214
159737800287
550861485446
4023961393
105146887454
842634137395
877861714156
587544926225
