162047144105
205351818322
477027697651
325686304046
869552507700
929298561046
169449118141
897299626347
243681851260
603177005511
115036181449
353104599177
693633151991
223520243210
858359040575
351619194010
774382628274
283726131681
586034000326
657736931243
89890142824
396849654592
742974874983
571276660430
942133464345
221554104106
696792356516
187762161825
662309108053
548519589910
814228627292
688121112324
962467595795
240747648403
937670786993
170140958160
909254858254
932856545817
767297684653
389355556592
89387225671
250373461418
733689567625
653957404589
842885394413
225056508649
17877057667
154310441642
306478923704
825452571462
281325896220
180909522205
111895240812
558652398435
745164565898
269745712527
886811017638
459228917801
410387949255
531532867846
543521426770
662937260389
959053093195
154833927444
95583479081
480609804037
116198193985
227325624068
781098178366
204717959519
926252036308
469983081413
848467840210
32185992744
582404598212
512152042624
241611297526
154082487886
29189256647
38161814761
715332672170
999580874671
684158983641
13104815302
679074567874
243660833289
303439074326
655038858667
70384401897
534325516169
210474878877
567436262243
878592366339
345719543391
299098403010
118606001070
64694708464
139577061683
15775142466
507452964810
