589885927639
569475643991
415993388039
165262090828
82097221127
112207350178
487277822334
223324568314
758147099628
476631364158
585434970367
605119487748
125704878877
713202337051
261470303276
551850625382
94262000206
755804946543
585844618030
408599147836
772257974677
104947186968
335876592982
935538115545
135261729357
804685798902
39073156745
288013828516
203357107142
170150389036
403422571534
129078941597
594502507779
879087661346
894583582131
479422237779
825284011756
719665448976
764592266866
307631572210
934386542512
299259958406
153291450293
609783735324
238599990678
678369088828
580104756732
235506316313
858526506183
340651467535
9199575829
825972020376
544985308863
847719019558
744428014960
448692316228
985355823743
848871286240
11015072452
165600473527
970898289650
701026993763
611778967675
157772368650
4522002677
932451798801
6529956566
241826295714
414196303041
773063392660
165271733531
589951333232
413986381213
500099908863
19978097280
258425978819
368137245011
178593426099
352465661628
450835811397
73537493747
341427451085
926636134165
612584629369
698926065642
312117715840
257460917073
707642476630
732238348060
512632316578
683945237474
526423156748
976162217149
858477365966
474246397322
468768576258
56130382640
648558863979
464708313747
661722641715
