672003043956
157534055150
386803545787
263636589429
297497284857
187783430810
549995484242
919578894055
354149288919
470926657474
396350307005
63244364210
649353899020
598023220139
563505735424
361786413175
838520631142
823944581031
908800074419
275702082695
150116272671
414949427814
510631120991
785565992894
313552347979
417726927167
31190200754
363218425129
613436506607
430951931415
883698686446
877551595841
785931610579
8654706186
375957517585
893719396114
143014391281
575711000794
422480219750
825762243045
215033245615
753199454940
692235531835
872562213833
114807666004
229565322958
917286002827
468772708097
131079659909
408842123154
218049562639
175916002889
372623622839
108485617363
378766868744
395322632990
820521753326
984591071108
872827953494
137330951460
566873765173
386696643145
960383159979
780842508486
129459611794
719186085123
304273793772
532299309014
40044291939
97162107844
813795040788
320162242522
355763658907
690105855573
798945364500
844073495822
642008163836
882930213781
56204504900
427041034296
873304099976
7626511079
362899924261
492386982039
742101083631
118558988086
807166717848
570832864461
986860233609
617778940551
899023547291
253733791084
208734416622
306917265228
102478682493
245370087077
502134002319
939831054427
646727203643
217950758594
