594252338261
725255094356
599291459055
997948759397
331568489424
176527426921
974833108039
396491814014
915840368854
756636773302
849032741453
140872612726
649090482240
842330596068
745806908773
322950892009
420194018122
436021246531
276287627601
364676292149
632586150647
320670256126
357417611574
667179281861
462455617131
108871829144
853214568590
175121366774
895643675299
715995145945
723162906324
92864398150
72726253428
3037611679
756867955372
563583127752
269816545641
966418585862
522357926259
934998844554
973412347243
489757812084
932572321225
273891435465
929555044066
63597393614
396675978898
358164874157
869787603814
637041233488
302202001072
41144818355
97934600095
764097173620
81117761104
770115216910
125677390254
349706553854
427293482908
943556053782
461381572631
643126338036
381030022458
459045522202
520328457151
337386178561
11285095912
916101349519
211750000984
456219069065
890733681253
380129695579
889747799859
326016194024
152170945416
817650300488
416083772751
664689325221
873496758217
383859334175
311976640436
900455935343
417633119482
41782350725
591291547710
560038181021
556004833594
590165689220
330719635028
322275045854
468196183229
424402336638
26579745727
45702053687
124102881504
804136538974
423058186489
246998351791
294657468183
229909569143
