322071375630
328965951516
44433817858
918104048717
686890749885
563796223142
821863008170
34544225825
745913945038
178807360918
599697037083
554380664230
368382687331
517558064998
42607487336
426068799417
687673360379
212986512040
182060562412
522763346194
285859559802
672338653957
737839467072
719580694058
97992432
674651328097
234072532420
826995993342
550101734699
459767094905
187387163132
76888214064
951043303375
32637271811
430713542466
102919860102
244433584582
23610286501
22602814588
187473221271
225511024733
227553820824
357212322474
285913310748
998329974082
110228164020
902179345355
758576960602
415713066282
426527497019
429061652905
386606208044
873929659217
110006131436
762512404517
351212344297
706673556202
33577964682
788100120695
575518667055
299332869260
262269001703
587245296391
368523359449
422054536413
565174396093
827474403862
96839190804
825233662801
144490030768
147204334754
535855976147
99350875913
26830102173
818555803534
460508454445
168035821159
673604458608
337098327320
458978118446
952153947586
182414393403
380191377583
512889900042
926739350800
746985688342
607277716924
739445382927
88653004659
64572708677
742092530378
682113801398
937990497047
310844764430
908778526248
365916825804
759352547213
180718173088
371684089169
144626443585
