582521138783
975121790683
172788886332
742080695153
129973238891
513354287917
774291670327
202452464205
331738726557
766525066300
915493147464
902156725381
548121312102
653471578308
638089723203
240028997373
895736114533
372970334193
107000144827
411082694713
424216804820
193047242587
860456232855
613855526959
193783261427
444591274541
471563900443
619704889865
331087172285
159622693921
894921635757
322602475303
367611074354
88572430572
119910081008
2865147474
827621399941
642241991956
493765717849
9442279479
950846918050
361991510258
822289613356
980745771193
26693053124
518222625000
474224799587
469435816561
644088970637
475571397350
872833186767
405109855767
906467786521
58549364974
983986366594
915333890548
119398932001
100788676464
68884062590
307355730526
615763453723
502411706726
832222605189
474070764376
627742810889
322099361033
721477203150
655648416557
354877951131
189456436472
875310834518
825113948551
197674414414
354099119514
281232718168
446566898187
23138328263
682849486917
564227416720
47901157845
880292005648
141751981603
411289705792
141686795482
884429014306
662814087228
185955087903
385371883519
907042786545
930531998861
350142547068
671603136831
587497505488
385426648560
300884778235
917334730319
189647702332
398427084026
997343365787
128515122136
