544524128624
853093323494
856597766504
870764270988
252347358396
361500024626
31611060494
303292198703
267550085993
210081345081
572239199603
166926132388
670516607082
166436768320
308041227591
3880430069
458448974059
600379151364
658838796540
276722106953
838903989459
112917653075
92237040246
497394249282
933413861167
936713038819
722429161134
773368310019
573663911383
698304278232
576348092516
450841552327
241616891996
696805709140
349192549515
393623990232
108026666289
195789416013
834039370373
612105351216
682338983834
461141971645
254454763885
791678333930
403294404175
584569922368
582535791423
374580220291
344037508376
915535424857
212304227818
999793137577
487357363686
638905969812
955619719772
686670484108
340574143578
188508753851
965703670644
859061766120
133054991193
184626189014
377946892722
993969503237
342321846196
746177277462
539644649607
11022278643
831124625031
992487904703
531589028320
384183926282
827742168576
151627980575
559429962770
820594964934
367292961973
488622515649
645347470362
406348542541
764104725438
246171062905
853618125757
556207151017
349074998126
227912754923
560122287585
790443892174
690675212980
391637395045
269659203063
818512296063
82618202360
230789807874
94005719922
951582400205
500224982957
499824062882
474615771438
518827334447
