438282199836
715413532668
495522444758
543410431869
540601211093
962330414061
734486272442
220109983901
666952306638
154272066770
783783486928
355759694530
243062581381
65499661301
910686386039
618737867159
243800403090
571255242751
920490548982
646816501889
81582329428
940592198330
972290400030
572513998548
705692547639
320184393910
218495823805
872184471595
667962696402
463099761169
366785733331
667714593875
415543602122
534642054821
584162247073
516220568073
666886645463
930547527601
788611840608
91840458102
455075616389
958263199890
913679442300
110878930635
484700241072
513593138971
393427003287
826535230046
758961303238
448828861638
54763554383
433113025399
983790057843
885542356751
725699368464
716241451875
557730418943
796509143644
910734491900
437117444205
989116704990
770233151409
385062415530
11157230942
87017068486
921793312032
706795476112
768604727386
157189436740
468184624674
167838495156
882667498551
993585849276
86026071558
629044937001
601594514515
241837695238
179614036289
704697360138
3203837937
649455133455
204027853139
765579619398
895226025513
70107689743
475848393158
956154457101
327467455430
656678188239
587252066460
116905511453
301597166974
293343321869
441325833711
904251512225
689721168457
405693159500
597886383961
92525342729
199449375191
