403548953427
173100246853
865551762625
406318813961
802634703810
568772045321
13577197331
390400719151
267178312015
672220254927
279127277201
461295566306
670817707750
494832330092
69209826901
770270287826
828134329895
373069595441
966177526516
432281773766
537920376297
219003715015
590787921314
427863530118
754550047316
506823410445
557571466109
43985738905
68568074428
522107791241
973554507296
788089265032
665371098123
958845629082
245081316750
344820321506
599645768208
773962047837
755519458198
484084665119
787186603995
781823198680
511668119571
149308180746
647305737789
868752841563
929799911875
939576781627
797349647557
497791828263
810256132468
95508012954
201057482130
226412446796
217418546907
772809122232
511967571353
138971063166
249259718134
35412575565
195213774688
101690021562
687666533811
408281356993
156251391631
567568322631
563539152842
721517570735
281961371022
364972163901
912631708336
187815641953
933233019846
231003061824
564850216473
278423157808
124216704383
97559044467
304540316008
961773307821
210295166188
42553844130
830762807977
995781779390
750067198677
815269134801
659710553855
371040725212
489944439973
727903000576
641561424067
166685102945
792052847559
791387504727
144548338939
523799116796
928407998213
765453819891
2592272898
174607347957
