240905385966
109277248879
794698658678
114776020808
620176119309
276335788874
254090545848
894808440253
803791784279
964008647888
266728308180
55945570111
1207578407
210976027207
193661226668
550837751439
864237792119
887217250367
154273367761
269639914495
309765819171
887439072900
239568996722
132705254323
372150094738
33590555957
205167940412
48289866407
821555003725
380367135097
452673207789
538714094464
931282206595
511413493746
145196260009
487301134722
588075076839
758527423033
628393237082
75024304545
248417560967
333249472122
183654321560
39384735083
174906172802
818651887606
454112240785
635842704312
702166740552
167923852418
202248097291
938559005560
671254781870
515729238324
98955817281
734528603173
887469302409
448379644002
843413068239
816409899740
822148912347
744192968058
449114199161
230110822223
476061331408
770493715951
758693138944
857655276599
833989337754
950747595885
930611142019
878000334400
320507998450
320714165009
459521132295
428910100331
235203261923
642093152693
294006936425
498148694079
214059531591
125687261831
488872743292
585044718729
463564268050
134261977721
79527061572
635146512611
127058000013
485828713247
719628474924
718124030323
760013063861
249637351356
785351770057
816490921687
962566113389
284648964125
211337009884
125115098701
