523551681599
601707608055
175568740516
476996801875
135013227409
405892750131
336900839165
207299166922
78599980660
246738643632
348806893507
661310972411
706724723314
444106582792
538595575738
176997023770
534061549417
654299502753
676270283447
249332944225
216743122608
974525152798
619547529822
947452072049
468217878821
164451711243
828750822678
104074256355
493895712415
418638457867
284570579043
984030883551
948980841867
706609272889
839205974693
982399496697
138884679763
124493486450
233368550727
558228531129
511085432237
309498882523
698226177730
822059092532
498391862633
704373192539
793079274395
486815269884
924344577775
90448206801
91622171806
723187230000
567174244448
513537974661
19337297292
492356719109
532128864693
481139676349
852087889923
525282039557
714481511470
323721468469
721202664994
512860419678
29399020486
662391750056
580354496679
305021889739
527720192249
618669418288
601323987900
951980905992
340343997891
64415917483
862781373518
161851663583
537496668811
202882466839
81819515124
563478069258
264636112317
391409657464
568076672860
445825781656
443643853644
249587574275
1267932819
691521746756
720459244054
898161523474
18460907609
890161750566
459232200389
799022805834
517011195064
276150985395
191370175526
502830162324
618914690865
849857194340
