610951193006
459291390962
710064587603
384662621693
305041366902
739978568993
307065065751
174381494597
430771619888
571122859535
1872567557
843509255168
492011939259
185019535420
800659257792
62687383934
261850655142
787802999383
213908582304
104957743809
946920630076
859337299986
434827064527
964127179918
285550140008
183879715835
866471966149
672087440301
441045808990
534055396789
423798903399
71784503245
791533675212
588101935747
165654418616
299284987736
181775819227
656058186659
289390869214
68381413627
753253639100
407161848512
540496389174
527122562287
774795986964
775147374326
699770095691
932978637630
211405543667
232356920714
655761563768
186946426421
727867560780
138250508237
533402349927
281267960727
790495801621
19447814083
136075999073
532334088789
589666010962
346413891674
906038713934
791534605513
627472390579
104978732602
473596141672
654065503799
842748275374
688768353242
763429223594
694266969880
348284459250
931552502032
543615070847
117965698227
63222334414
812440995310
828674645574
260402649778
575912755098
795833194641
503766730611
76306972674
834698239442
96655814025
556005357383
468060718839
450801703659
581540653993
39836074516
694553665477
261665980002
724002814738
223073889285
139228915789
429058819985
260624902743
118122261586
840564350996
