85030933907
368724727248
913996661683
282859250974
181808937664
755248871100
893581899862
58921671969
521616807010
269135273677
216072994173
627920045450
12971389855
662357981597
291913088442
379593690436
7295837259
20657526943
19308145692
434745866188
227114415342
99374052166
103738156882
14568066642
22907034264
598012860854
392199310940
264741019661
428949604323
493689746716
163765039098
736915038772
713949070900
639644694811
764451683953
287724976411
201902761620
768812143287
699282933632
775188525915
554900777866
367415310254
643525166240
676844267968
392775798009
128646423761
927509746923
832736186688
894751268046
479740185106
546323664121
310067226479
847593759415
178488756817
924193842308
800145347584
962075233243
942439519263
728194686511
684775531670
388240759729
613898146515
845451314665
302687406209
459648359755
817144801390
706201038108
557250647738
119826296938
657470572626
500593975669
960664999686
188547180256
140229868464
230296327489
789683168977
642070269991
435394740980
964875643582
693833471195
682367030064
117644697322
312304406064
503905779166
823547344537
911128001598
493533275301
890322933582
173907140478
528456141840
689588072000
505125501599
38862213685
199786872641
796760250804
126049571385
924611730234
801213339568
196924099010
399516615534
