49262240022
826390783106
948910936268
396573236844
823735144879
463493161036
216784669844
720365591289
398657378293
597446080234
998025604815
339143998674
414514624121
778457822781
402072920802
978196152040
47119653278
21194173041
12662311829
655864091158
566012514536
343108840755
175028055528
727975331485
874590536647
118982035057
902284103566
102415124932
683037684455
319467719384
721020822443
664379986834
782700674812
549990194469
422388224502
193196199329
834812669523
735426782678
903039301872
814175900869
802902385321
781195121604
956783614898
318790762176
262233462120
224992041378
500307995198
402293211077
36361116799
465114009836
927168019773
47358021474
351160235466
16468752927
396397609826
656066463374
114772430373
956980553544
228900254398
758491298531
719222568920
757716107105
796936843588
306071477453
722914408794
161562468788
704619884346
865963095922
781187911836
506680404295
208224642158
577222730119
844907837544
209065145792
557473545785
906400601978
427146217241
376936393597
300018981984
251525801087
554675427133
473291111808
226424331109
531946370246
78762934303
594198833176
710981952987
82698442965
161177574835
629989565681
882605225826
316606285834
185009198423
161921636896
438092496155
782879630417
406538335860
345002336553
934551332293
267014053382
