404161304269
882757527657
835141607311
740743088507
199095580328
419769437344
477697552473
49112850811
320700057323
206122103547
37827545053
572986494721
346625642233
772011102039
379785597090
645895062632
376970234764
178000705642
908033046108
934026953269
607757729191
540602133729
968287825264
846876637617
715544909398
667716841516
201131062977
553659479644
152689528627
477069661439
154611453021
535812721507
503903550803
552187364846
30799439814
499017558200
580698182947
991149377351
418077823628
296163348370
856698864273
82534273782
199503532688
808935525675
571611607444
874626601531
568331745208
833071828333
398119955857
188529530510
112956206023
32637455670
636988485871
793269167399
440749848403
289441836997
291341526580
494619106713
622674369571
227909421324
174296316621
326847887227
370020582691
407962931082
597897307815
787003511373
313629739669
794079499728
218082001173
541821281666
688311997265
668712410620
33085183364
5068361262
374454833892
560144989158
225603828255
672674146560
344280725542
653625612880
991570618751
54451933477
65497423834
811868371185
820377057141
137138467426
766814363014
222515500738
905455183985
259126180127
402886039899
971915515296
587845373395
1669470079
131448099404
805340696236
460960863118
598382281027
881753501172
709428859103
