520042237448
229984057350
70875970892
851662240066
816102589746
466512022605
87240947871
153215806537
577115422409
491447520949
426610943474
901101131325
934865705010
647259838911
139930184577
838548611626
594888939257
38783830863
569371976632
591507359164
382392647330
861766394713
77172172309
771319369139
548817727767
496001555872
108112524631
355462482629
83179807276
682220451639
603021414636
295489861961
502440289796
497059213454
332325367648
116980329030
71612998946
761745381024
40072912390
108012457724
871099123632
401271591472
383667410640
995895720691
23165790595
541655852638
959378998859
85425438332
822694602800
351685900217
216487132241
881219477487
930898694177
563989551747
775325420237
757340870256
757981122377
106102731233
975769579886
596601394227
894966202296
582296782942
42851625753
610024271615
194994840708
107873680873
991906123356
75940858565
798084378776
386013397809
670152624968
780342131840
926447912306
521786693218
16966994863
27002663280
751820368361
680327578187
324709128040
541011923096
801568917780
209560333816
720437585674
992559308602
120643652618
799434735243
128055884254
636049092933
768141671511
511882824622
890776919562
262227343076
964568018975
222459298143
801472829755
153597987765
967418391722
374695078528
680876360059
340885277881
