490659256157
730165214485
80000496159
255160739207
738111036386
96278941687
484902002217
791035402737
26996602251
634798944279
486531185548
572749962792
661632805735
216395614864
253241244699
806105811877
878479249552
385607717272
291089891305
62620718552
633598147198
294705931625
212667340805
108368559597
137958526078
377455286729
605393149760
257111229854
153439496349
373554450496
554870406560
923248593571
754789765216
114641922586
919444249632
230055051813
516868766006
502288852095
176717369225
377229462870
849710179527
842391285163
89050660390
938810521670
330702608144
841234109163
770846808487
820204686531
880259841135
703339603540
782299408854
955268348605
641111174598
927327947971
486883384134
671737002031
241920428901
337248779501
393536840183
94287587072
820431364217
490276819779
342496093096
491540557191
736239880213
616963589504
614174665772
287481817710
817938643334
44392904008
615381490680
578411577601
88877612933
695127427267
187436032082
645987998117
689041557018
573318031577
711979360599
913504834230
112207269841
52832625847
489240848251
336840620726
68699529978
752033747778
149792343242
387124410712
812507147656
8125238589
556013957022
480865685350
940621150626
667496316410
932415190037
798065671209
706930432010
823327870086
446083675950
857974863717
