611509558896
254724701011
960166890325
239980582327
479289685279
178729173392
661036772117
922700960768
826988505146
17031159364
202757298228
644401850292
180950136306
887877822651
320635316975
475451449610
60486714256
402253307722
1549198873
49295299646
627717610010
375264898723
271485949928
723034382027
946364045986
101893894034
805687325460
285817779280
546923218581
602678238067
191549623377
113815401119
38433584547
556198076626
435725833172
308008630893
42939743889
979181762969
421541076873
962067103149
255028459970
423262370844
754793506861
503981042146
577581921949
732469349414
399359993298
354026720012
887452776998
574970595284
146320546234
292052561416
656106832524
324904016583
46364051038
744352035001
452695975536
592508517673
936033216489
385943084973
288909067803
688524617258
393451395308
168296584923
117061786463
861127092565
942505220987
558309222776
909525650083
892088998282
828284336611
11524074090
351049985623
340292950723
458986011403
64806145512
48105562837
503002943086
770578719311
288837306746
347018952581
441271660849
837388285708
13491551291
993586552755
257212518484
850211506851
693773382482
732281299369
189656339110
462109889158
387327915619
10724890351
287087610175
138164442502
481554645681
272015248954
289143229535
296562809933
951786034009
