959410417246
970525449416
19485105212
591161989447
646748256059
38135346418
96747341578
217522659859
363203789502
618771908722
61181697131
764923060054
841272468160
372349211665
426977390523
893049358492
205204041453
216756220621
387088636183
187925588758
1530815083
775168434232
55115193273
469547648493
677975588976
855186583190
35725916034
289550356881
667943819131
584270128189
81347452166
296952411781
804236171868
341448611322
324676579787
66559228549
680521770850
49208163347
317530840980
132130402331
301355111509
545899630280
714125888970
973751755608
96955223609
337371921523
553630313397
715903945791
856225521526
501217896112
93232396734
96306849384
657650192200
459283171497
62314134759
614179639093
367889462550
724990594549
219287415434
738860136881
945749509530
307458771417
124818477768
538295656353
699850502788
145010391064
394701798898
587800324281
664798415198
45666214845
555460116626
867760564532
249521630173
402686468789
708029249487
421390031347
395395151862
283264830121
828721263210
155745386656
283771409932
732604577262
528928329080
905087831287
170008336270
726187230734
43693733948
579351677986
18170171233
264548821098
898286020543
361175873385
469664893209
143678663643
462216196971
242724498075
529250645063
868670925885
769570960584
89147323758
