682554414300
93400486816
118035734063
640619113107
922779881184
776853313004
598570059009
622517803029
369598615023
749383053924
243040074864
18052778978
677529327220
587314162584
425007929431
108816732672
40642885565
401766824773
577943940560
2859997719
230574973015
260097059012
155959981174
404695260657
799434926913
433964732406
486793317914
306207548492
800249850287
367833975791
236140073863
795748553735
259377925026
647043711319
653066507247
97024122654
604426138507
475090004598
689607848984
303988047102
263982942809
349167792161
439055584107
676030988586
326730434941
260442368027
129498267993
762143050037
362500261011
922844281712
425968524548
992048731956
729603786830
784572698892
161727687313
506052259508
425389303649
114788730508
192653398632
135649539208
198464022078
264980167777
533354246422
80452613841
558386156781
32126207101
732501816703
75422047647
530453356887
571447218077
778641725226
54915995151
911659013703
80557743550
213927286588
821743242349
186773752783
128854596528
489580410677
320650559324
903657358634
568378890837
222294370718
260186750755
994948047666
804121126207
857102858509
893236475246
62511344457
518696667471
309510812541
620911999729
75598763315
961165561948
772276482887
937058323996
423276481737
80613505149
395422927968
559204568309
