518160865191
419475762538
678240270975
645359278415
842424524913
908440536550
669631663352
219594908002
963440823653
77268336988
383508213354
738349736518
175386782639
611570146536
523369219986
851948170763
234133641900
68620727590
974295032363
217674265992
38912356233
762872904952
662500818396
133942867194
691328936616
488004319580
523774645904
113268113385
205880505849
695405298074
280514466159
744131180497
581135022414
248588993175
695233336923
257756857199
48190910987
814795907911
269507855773
341491782264
301807352761
565384801023
106728686221
169782791347
599045085451
88609010592
25299009184
187996381125
925015003565
478364392631
919128242561
114290110969
491267839436
22415062225
887895067403
432832967976
148569498009
517178733321
19918634235
812054154532
296517818380
990851256622
229795298618
485959389873
791467886430
596640194451
178150601342
772128444883
340591174613
102003651658
527142136258
47013525510
859407392472
98552448858
625113467089
610140310914
240556021858
210939480020
771769731379
333196523097
377171765857
566501149560
649414317376
600443425093
704991720624
372198104501
73990926826
130374273401
580407787938
638228903922
331634497091
752002265119
768865150424
664267193353
732226890836
522197623109
317823885998
655946483927
636876634017
498220976865
