559819619531
882165535861
652061427609
128429206839
39306383414
48477618006
216949884236
141777765727
104205285240
635491979788
578930186494
828132278337
476407553271
967664117000
565999926040
316369997562
643677901565
519626796144
121208526832
668764063622
947169033364
866301042243
663007019238
428939271429
964793800991
904021830660
916278619167
401293742602
571747037966
709769769734
333075885225
890077353614
372343943061
309387232935
146200102349
53833917837
264199654724
763575805722
170974324228
239382536713
485908396301
98694074682
990946309251
458515982980
319418654448
385396125795
449098688651
144838063060
754948893060
528754598100
762243881193
705596345581
796365066532
288313921175
280461875829
73874417142
112721349400
817065413878
595485509384
407383393638
337472672782
992002520652
330480969430
336148758650
932934178837
653148611826
925741441227
236614862312
76694803725
58730246381
158035984348
894514940011
629182122721
164242097109
109835626447
416937673761
748452242997
892593218109
19603763908
697523616868
468746235477
327928262199
517896458885
292927272764
731063557680
323513525759
14138946111
926659180170
542760555515
527580618568
639121044937
584571034995
608546955808
749374253151
731708253556
897455565000
462687987266
520111818647
329469587432
262429346910
