649971894841
500224954366
203782577503
412491715048
731665522501
567343594347
23745747141
756806575237
859031867939
591821884501
375934449658
781579660653
603275043858
921452524640
38872097911
596261834999
543453044037
431153607676
165015992691
637272659132
285217170724
194022981410
89539229633
692311113043
601283257372
963777109501
414940005087
189949060188
215859946574
83879690107
67740727090
305175618562
725338462982
922058705214
133121353961
610733100560
944418320849
762670103156
939056787688
786718580653
378806902345
428355730311
346670371098
670399458672
227874543340
152400210716
651420056625
555254544169
649188914392
559073085730
224654103343
910419233125
121163436176
196267688291
371209635463
786624307030
509813559780
375796284708
346272197731
48212534850
167420465380
70304607877
447438545520
285939336361
583287031199
785929246889
48689000942
721832430929
606436106645
298447349595
189860745412
337981135020
36910173606
204486548283
287785034613
229892442760
438753166478
442443913178
376640278141
719044840292
22098677400
83298486932
548077280219
252000165048
383242521332
776703288549
877066582785
571159044614
90365250459
687678069156
167131652275
15853465527
400259406765
104943296477
133326277887
475680104093
132984073905
593161471407
358011327965
145820189770
