330807171657
601344285573
290509901732
564637837533
68226870045
121036054957
690196113642
219916818611
111149057576
185467645836
672306165038
276515939003
497462170799
824562095264
242790241022
268531534531
517736833253
746943366924
549960369239
431047399844
933685063646
333113971027
485428249823
466284009204
348974123474
943607828133
186126796475
459987561116
83486599956
627155033863
420620864485
559756725765
471779243682
216841349250
844417472253
896386962522
513130550868
722432158207
628987953909
276845134583
66707166718
25214777646
912581821851
995446876196
204569919713
425597578732
612173736374
243394810040
519258826556
222954895236
990876833908
81032519059
435379757372
582973999274
605162132321
630647890525
410898262093
838653212360
480450427117
303487527296
39127968609
587321790325
879816408996
832791181914
332622910016
801880907384
365924628472
703549188545
548936171085
499042447837
869118522088
255736168885
420992126063
738360280402
544332741749
25817973017
431806712406
264730720706
576543047477
151852139857
485379985770
860783355050
428221288438
994426991779
289992243761
372551750282
659365966320
660845587009
206688253154
150655534405
908020230508
727945645147
92461542593
578882807002
985763774923
69602417079
381405538002
465839439687
977136159440
57034893436
