70598663328
27881158040
870915254376
552472953584
321697258127
705267993719
980809683015
606691638487
795428092870
826259252588
868450706094
159369826740
516971933194
969865297012
299234457376
752363696090
739841197397
957625293073
988395291885
769623137304
66404287525
732472810678
114864689415
279032373959
498472188220
826176768833
841703829545
813700287606
77538051489
892246662870
767017590811
15146733003
647418066056
771038947636
663725524163
793786674119
152472386053
745157867708
232884644509
80397258600
322399189208
446236375410
928896022267
174732860425
827747394268
65180785922
624452820231
866324327222
675808658700
653294787113
692315998042
156053150588
782846245639
467404340675
671400921040
167241079960
547063548474
948081167503
320302781989
41822279007
503091517665
610005677191
152699791668
781163614874
293452444330
110369125549
710143461652
600731842814
108681018054
404487128556
129851151009
148439797840
385589697135
736030029643
937066677982
399366489266
845660555388
966262843531
653040326423
19882983361
304094748632
699582202864
572611334836
202661070500
895398298287
867482216462
63145126949
848878391385
502355506680
698840319359
532789577803
770239280300
290525282550
919268934277
764572591164
193650703436
664254474373
502466592753
286497275010
861362161275
