829579902942
13308152513
749420511749
866217980280
401862949772
127270397616
211503216295
195420524541
908939136465
540837895938
40684211144
832740633322
255699862944
388757083628
128563904116
314333739503
634690817843
876369815339
211039591710
39343043916
690394805405
91161502642
495614476216
481111995176
279045241668
406961282136
545893207074
85080850617
204417527041
672719021611
522365915621
723484641799
532788375337
561343969011
64570018002
375856337200
379727819441
859234662168
21420957113
112143269883
939855602419
789663333721
591153267716
311439896858
644368121932
399365655318
895108356776
142682424443
373240342168
963301835801
395559719635
401191671201
503754926815
565048364183
705977401548
658674986554
690349062459
378604574714
159601133060
87774813970
491190077322
550993207738
322922582614
553527107571
404226651569
202869622532
828550808851
562055158381
242098349067
551850948221
675632163029
629032147256
650678945292
916031092877
137998729191
844063171664
363920030949
274938450345
902671399563
525357683678
317440601512
449959202399
481298175882
119664467442
488877444181
299345039478
532002272733
650282988737
185403764027
492364446691
502268493766
968172133340
375359860644
447898574470
315210554611
122510498797
796702691088
719148563773
136736502837
67683131092
