368812660679
522740522119
226747898354
621176099364
186174464066
678551732870
678445610171
137095516508
155966107903
914274405099
802747237830
181295096500
144896656585
378032757359
685596860940
16488279954
99327556028
763621434981
308095188405
582397839096
355683911214
223525923201
47351747524
23527595589
493175624592
494304640220
70240928495
50881153485
540697344742
527149114669
78978936796
627119811231
907377964953
715297510409
936209896771
992163115364
431214879487
116592760827
517425168830
646862153101
384414536650
74047182427
406613889125
644351142751
456392841009
273122456756
392000136694
534111545760
474931545290
693987843769
595473796229
836149860772
270387562952
679900756136
387731288913
344296669025
327796914045
492138553445
395979958249
230696490272
437295058423
230891109273
388622082628
954544903190
167348375760
976805747775
566072467508
229070955445
661729929721
900811669178
747044307885
364832989689
319343641413
691650292007
140552342780
93225647343
372512095326
927385403190
232158258432
885457588181
207919372599
792727809778
43874356713
313705948988
65362283177
599505566731
532625842744
525605900174
392585465077
883823875881
889764545971
937539780827
213456410389
818562362427
677766467677
939395626050
744909539734
133073410890
418851790674
682330990318
