691441517861
660793084386
63377786772
529283749329
200308493105
275743740258
263860715005
905217142830
526898620185
64364647583
158478447760
984514739734
456431187578
779863060047
183086195682
442809616316
280580670947
715855663005
967702534304
61742815846
464396133131
238302373500
864787822532
669692305525
864172399206
926861637825
514241791589
265329578240
945509701215
575626255535
852841232920
640848708476
102946752388
182739572649
325850418075
171475526311
702452829171
186654739754
128609214096
697612249469
570440529799
870793383291
881988953051
579332242746
866895523419
584925913703
568722378017
569423276448
606049327120
479222373436
372312267538
985372792537
690842016318
643055427550
460378974840
42730251553
24480969955
659952593633
782077592139
513690071613
901513590573
982131662772
512377425188
381557582163
841036561402
146617580576
567305994799
643120244387
670174653330
269008166437
270564013025
735484797840
202011494638
85323438362
32729741146
308798584589
386570872809
832296867206
629813251614
165444602644
293406708336
31116846139
502710936651
876887493630
705726885089
844124086310
678071801809
735962909219
92144356879
606079563085
654224939760
367539368197
819966908638
308672459829
489479639173
43607646437
698874851250
111298445372
438695119370
442722970287
