311653073316
683553713679
983605157758
154560997216
128067446677
692228565413
358219471300
491684405017
967014414839
188819609978
475801778448
805026630229
578094630005
650614541755
333043081630
86156608530
216556141641
516887318595
740027784393
517694330309
112922331858
601178419635
368469196976
73166523260
782796852606
527288376836
398878570375
381305118851
845461520286
23934576139
483766969773
608162617405
189852122452
849137276560
153571911722
957098758086
983947832277
543321469950
83588191460
112417201953
979844651611
447755407954
63960572753
414110721335
977376290134
374110528528
916824047092
708188223098
819702622340
748852291199
240990507735
367517045956
910291327581
961284136098
846970148726
807246923701
811334032676
228038844756
16058304237
541370558525
173499416905
991377448784
640602152194
989780431251
714110439060
638041118904
515109681715
230133145801
16412327479
929358237023
556997888674
993747173474
111342879053
683950365462
794486716086
404909738961
178253076698
708652480128
285324505639
251952220395
303704220302
180809643074
941801981882
726188125875
330109416496
566621461306
437028663707
194093148288
526251035559
592450652563
777463518220
139674630008
800874911838
103003761475
901699643563
686179215134
301021208339
627971578002
857526212832
77477004211
