408350169574
407739486703
186197028492
966480256005
298355202644
74136230238
700349170711
56102087492
756674525752
261401561077
135044905734
301156944454
815588182051
572131564194
405990928388
468846064996
291289862886
105474315263
748090228863
448630868772
789350503323
536617160156
694838265537
145974714874
982862231916
438476907926
839664057871
67078701181
617526007488
706850867127
41851464370
834165930265
361093082116
149653009279
352762422421
943749238561
776432373008
329833093805
769282703217
18205525283
305288391326
977135733414
466758780527
613874144635
958879985491
271799445158
314276653747
831299063790
558666149996
552619648237
766973852647
3735177086
278656000530
784384601445
834329549242
911841064187
457473122746
944957375720
570956488381
325400251083
198955527873
911142466616
814145270359
343089425362
40132933153
30204563316
399145343110
400662404547
775557470895
736375076031
242042591202
956995869501
570038814899
26279652266
803526084355
622596494902
111995401536
591942245675
362146605807
923690676383
943169838373
833805835420
182756350410
907774043557
976780788265
27592666785
337261195466
380835321716
899669086500
792647351027
618616738124
727132008553
199789582783
721755114276
741448288899
543966516005
290807663926
861862284661
638481827995
990492551552
