929293188376
430150932145
195492541167
7460670651
676633488101
632930912300
708739400807
799755644927
661623297841
578561977812
942588708248
854918266755
52745918510
737944946761
968402927991
548158366766
76110029672
187546604984
803782983730
686690789375
43757938485
573088877229
390082694059
416450697505
234143347691
60159624895
107446705914
541544683881
808747164985
364637292395
765436517003
14117477304
182167540962
618569701513
25754491029
474986499195
431677056005
462389072106
279952757951
561650744297
934533036464
126156129276
27675510341
34966642790
264164058832
566789159348
105377980333
110214202568
780650509181
479959891388
672215593124
121768336981
714551177539
452533778916
652422198152
520603704583
11271116235
14836402937
781237003448
447696370429
186775621315
489040533198
85543445197
342075763360
888810398463
224923056965
792760804135
168545734642
441274920125
946113394891
200612215430
837630046327
962506976995
209266159132
846410330107
329825288583
64877920072
798695439053
594382427290
558780036370
834744719382
548400092106
398280307850
256707083850
96000100501
778075246556
20338556399
711659410476
266671447937
655621159095
609411043291
43642074989
327029779728
662178632688
689726496442
964599572024
559777604382
440680375149
878947297236
872180038580
