734152390297
459259751556
273801069338
22218022080
564542367030
983914231297
892253716214
765720919935
399772532294
476540031575
613863047768
102138199326
522461666222
568613461557
807947563194
270511465777
897212968873
126516344714
4526587616
529396654209
588058919210
542446317030
619892209380
851441964489
112260778232
173307732936
647851262513
346112162972
425509655755
967219669055
851150843144
702392817199
506842591811
735063026911
855440274340
147280110403
479486770137
474055310502
762285643099
548504356515
553005848935
932437515333
335856125553
91489076042
264269008241
253235136019
980931210650
126077645763
97995219417
626970276917
46378658074
127203040664
687955088030
906231931965
307552095950
784104060400
952846976104
779827326135
792735144113
227684659942
839245184321
447111487357
36054285587
634106022669
722198312106
549084915825
99725798112
205006676853
112910087792
701600097207
313274797443
934206126467
569719838632
242133757736
126840224644
779119692172
856635333137
137899311739
740619008713
761501962536
666978035713
36931778603
354181815732
601959213921
742815264396
590722182479
465701132025
489259033858
303673694656
555171385681
29889025203
621891588729
959007439531
883120357598
717141621879
829964494068
74790860384
304362718639
51418914520
970741093162
