988129443464
253195907916
168023562710
346072765935
990392119494
961567262113
233557944899
146095881687
430792738756
927938555414
922239439936
792062517236
886621052882
424233321845
439728092604
43875024915
38417051323
607847947082
357499849137
346052262655
27707942454
956777292861
732055042082
225227326615
32156636483
818621932725
104897984752
869772720893
25018892438
607134815953
771670292490
656110974150
781897276120
105050242659
212753286449
861524099807
388383484312
525921786931
726019341503
997941064516
639138421648
99537371042
430989169691
264901198334
683282870985
565877056037
481107573616
938812710611
532357727247
266708493188
379202767049
922299947205
922581082416
669689012182
137035812777
811016226962
459600005509
44584074955
688755282761
882096351122
216245285998
458150782980
238585377483
310129411834
276931040846
919672204002
706004740564
145257023383
552193540831
875785417375
356921047924
931282503518
781671620664
265211744896
852117617122
432148299387
999483098429
813354210049
127554423618
267116232728
607318254655
693630062038
180695299263
966287602613
901953767421
756717220784
776377204842
921457784615
20066609561
361604460784
80260779421
726105108976
255976639966
85770165951
999405232182
391672895340
832559158828
599871902036
762657611589
156723586098
