507629176211
101989120565
463761666789
96234633789
111709739571
320660550581
976181713515
993218088961
64963515769
894771567210
861538478483
414190339262
113086750113
261004619953
820637233236
352529043382
794275418511
826373480399
961027272498
79707177137
676986804353
359057931113
241266718052
980662298736
184652729387
653177999713
703898262425
626385633642
945430425856
309673815122
586015621898
444299955515
590729974760
311180162437
862000461130
271192349078
93896005050
612251707714
767137884268
83548345588
585910698188
577772290164
464071601502
25218334702
833849452463
157214430087
668882057214
239155614750
264358219070
105490832632
439498713808
752381232799
753463548413
327505672545
998565689596
509032527021
877736448065
500128388666
79092097482
954004122317
200720748540
941328553300
835595815359
811571990395
628798233004
459269737566
82957547558
20273245981
28336894716
162911610586
837226177114
571391566662
334561521033
76718757212
573849565469
534204056578
212462000630
300406334414
395147386491
254326984826
671945283075
393783112951
907349309687
692186112587
495026722981
935249122967
600634900097
256314944707
249446459288
768872516998
803441725736
582966308575
867041691956
360960623873
157536721806
50674546265
456684156502
694957052008
587980500524
306407713540
