802188168253
545080942660
606770345700
764556392666
368556755140
515085940487
7301525815
844014046420
748703799460
284627170175
679008730357
485335462428
390671937794
111266925540
772706857817
403610726660
109404426351
480762602191
455210078664
441416988009
859841203760
410954238561
192456134127
592524614512
371085752834
670940131225
257354583501
459985255267
48719921135
116004413058
458920761100
22335020288
677508896437
223160741416
855479398595
506777615731
704290609285
407667953999
908690443336
532405273010
879373853408
987549581540
264083775763
443157135394
292183205573
65709295617
432195178307
207901727101
943791977623
437759415341
757430937185
859909906129
741069220611
114739272321
411915009206
488023512458
217390141230
804093587792
708720626349
934297788670
991300878933
592201798535
210376837733
925730271133
863258143079
775107719073
714059544709
616706241783
41433915276
788732374581
996717213783
831555820108
535657762560
929955963688
774164260293
338019690325
796174233103
842012275591
298380366062
965962074915
899078607589
149864442495
591020861249
650919971017
196127484908
990229440485
361887939694
102171793248
716477506654
720589576402
585815877004
662670538582
308687872778
788929860527
788689571373
260843212666
164969406916
384045455635
700044078695
183805018869
