996070547652
288161633456
951727770244
18682973051
965346766105
196336000712
97124150920
569563777212
344382578795
38443829255
272312271909
603583615284
207641931583
392544849598
503153379088
5125621014
971522981883
235283011051
204545438538
909109389075
738614497402
434652902099
32906884382
865739168198
414288172812
530386019488
411480679042
446268473984
249472641522
59404096477
106602389626
478341941600
477899649875
336482458411
631803678184
581369891350
5976508192
620056389397
760948878218
162191851419
643665719006
99386754448
486436796426
4716872710
36637129335
793244538894
887461610181
667784115340
261263383935
87252872771
884000208266
663966101420
644604598130
198006263669
222768752854
918268509038
248332636235
581901969315
168153171913
480816554806
769378564230
232357594738
494981701204
153614910393
5426718666
347731928598
745476577645
557849732885
330334120489
97680687447
119911038951
635519674274
126599224946
852151377838
677400175829
720336883478
235981948964
617513628442
969460815907
507931136384
200944925983
846170753269
673454641648
945580332596
535750039521
898838604720
379261824335
900938252875
383373767470
556988924809
822768380970
109258470454
865330127357
444968891776
322434051467
993375795867
976936238494
216431778719
186406339520
597924968654
