794009523432
361504234921
398555428719
209740857133
21291205700
599925203703
147123313086
389051057324
19999158424
512299188395
75713951375
464960984050
193086887997
3100001745
759186684624
967410339568
549425618221
188575446299
133760611327
74802134003
621604011809
710666422547
615853878569
216020623986
905731630064
886103096831
410235298676
994624495718
36657141186
224531986104
966955350637
223597495104
737685868751
235590018794
191867155290
613381110667
884256213828
508704169750
381835209060
55050094275
853081842657
605414618363
423005135604
612974655206
515428270660
201647738437
877892187208
973318297426
132951218779
995361098034
779216794938
114344638871
492989657224
347285994831
819953584010
703335523540
143548372906
19156257525
760649461084
216911839661
854531763400
204702820997
815584989988
126193521766
496580825278
286690654813
852167545130
211218543877
179770388297
713855056874
241625317135
360584800957
112478878816
332466121608
733742026233
750527188924
142272660623
803062262135
306295441698
334696397340
247138095435
560591075751
584740178025
211361119386
608664708552
904564077211
676938895363
17184955915
426283930846
816162950587
520625995330
721790050575
555696495486
579961843830
589792738628
417092726562
95410554059
671974244904
780671369948
691493649571
