435115833036
333721326881
469678096496
859602612452
475486303493
776567368024
474560576565
986821586720
73281437396
11311081190
481264408515
140507421231
127775046268
754296666379
130534123717
956206393107
615628715076
311035576313
762999628100
881838857245
844483390993
946930981004
703452787258
773993104303
395948130316
367763304555
603952768
981098601254
876261845562
267420944954
366986638052
978053267179
885052953666
752966784762
532183913632
904008030432
765914751652
228492958816
412487838250
162089447599
851561208518
676717535136
189801535301
126601287479
619695334249
277971114145
42554780938
756117582510
313521629110
697523926165
159775512696
908380806608
381909156815
797335377098
674351748121
971146173919
560733037111
140595016034
166297026535
296236319778
662510385440
508262183403
738846424244
325103610940
605953994369
762135368604
94687556125
474581055763
315899219048
960359008487
539945852582
193253429506
431826128081
723704653851
677196044973
971655383750
771464276379
17145468353
282722963051
191967342981
443060038785
103197804853
531163522899
796187245232
516307812807
644601769679
369184722045
432631401315
35634286856
649496299721
94875466442
525365374057
515596278376
403276717210
310413840083
807516036895
571314613683
13872696415
367403149586
273991617581
