539912535333
347354212076
590611982439
510640215262
117239738018
631240767276
482713957240
620783565227
793439440355
65607691031
832965271235
264987955926
170879236709
682821849535
647007551935
556169081163
753537260683
202563058272
865997768443
919470313680
210332667267
59535718621
457400881026
907060828260
122236611971
908914701584
939075471587
275356249222
758354672434
628971126738
278010371037
316393332242
408836754722
253399976039
427448872391
662779244204
486453115450
929440138283
622964050952
825075308025
221757031566
803628985852
853071857305
532928661132
484437311659
891622513610
748824252740
620424542102
785116359262
49837754627
858278095883
908662349717
904850971824
649310328858
909107408967
805910638346
398897416049
114622138105
225846833946
632011268034
678637035614
156976916876
900356653877
917245460986
824764551303
498689530080
775494858421
344943191926
325769528908
212605219718
929628682626
996308394788
842430322124
815033735874
808601838357
32399806855
525068385660
24730928777
618728989463
346122950165
215071673020
462095506137
431488892274
460461914610
117574411737
928213678959
842047163193
437408661200
554090515794
920221900103
250743830306
682293117716
912797354717
292113134535
404024453562
863765535952
39628483006
999571237581
282597863934
417286234510
