547914721937
591006051416
965380220245
773281431608
114326426342
284542644858
685688257701
477302483070
384579052001
988707542865
485851102244
236828430335
434055404526
876504756003
306154274289
917302685379
506524971791
637056826571
702553067411
772257566286
91174136782
649935104164
50707440083
252095288187
165281760118
576416241047
576818103638
928783227145
849062466112
841083320974
271767480871
477509133715
414552114927
366842675837
140416322500
586496223991
808209049003
551921375263
611341609793
534170780292
79251850235
358794825243
878870105642
586759333162
204445268225
946201406425
426566350081
502457102710
590204113577
943688486261
411875208845
970857978879
935542808052
803238874482
635613718876
516356454932
963056756733
464250013243
814114147801
110677255945
231670194007
862586526183
682831584375
696283218978
238483690062
38109884400
371551873631
835189243967
841409061763
644805932837
657941614882
100249008770
304929072567
102949240117
142768609463
155634347791
911331733099
232265859670
497778049752
854486977781
726072068749
84416735515
942676708807
417369104264
658827157893
107528494845
634735571119
71589111810
935636288624
417473601749
504680780854
574436301555
877025080455
930665595045
454445654518
940796600890
508769264927
877446580805
922824416519
958788084134
