84801114099
70969358494
821314331195
655999184490
215311706159
784666325683
640996442677
142621423181
830306714246
604055293570
558075034518
991533075047
131519052241
582258468700
750771671107
114754716851
268730508748
428088946463
827540273244
183950398022
618042129381
19859351269
137300134084
347085974420
115958081229
796708045777
260975597836
42526158460
824837301888
243195382376
296133943534
704224460509
26583999641
371061899574
395625412884
506288500550
413709454883
872167824413
362216012574
19903181153
114740121682
70102261741
48049476182
16704158227
824495561012
67376233057
465991180409
342844084173
804567283224
324146937224
705627639650
810290518252
299860253053
847615923640
552913681364
712621844808
295947226802
56833774885
675168813626
816476075154
142950587339
318879117593
946438287520
269667635768
743279205937
585490660752
606984436131
50869219987
454945301762
860579721908
539437934129
943158550454
109447131646
10705342435
549307204908
330537322633
232764500644
209068284924
896378039896
402573236829
118940692056
912588909863
24760769219
871968015586
741893151148
565072592897
645085398233
508245475254
10902136516
819997866103
308536818900
901534364478
536997983044
514005893387
293667429368
206516122871
83316529827
966579488710
904370440546
296441368718
