237664215491
853329034034
209901880581
863425536507
265344519937
757053211860
333243496981
790994457213
754011499973
643132679475
997352861896
279145507151
426999076839
696535678207
236581035074
152853295907
34869198297
441042555140
764193429776
192216075824
471602136059
246249829474
734352918859
423613780304
808611973783
411689458009
39528294996
190447555521
307585566321
539553369645
919294882442
216331266319
989762122893
31391827246
407167274274
828153383508
830563072439
50223384035
956336926147
141187311330
804288762468
389981309235
468472620542
820105061184
565462251475
473387533795
99726438622
265845867247
290222839984
628380458558
785720335296
36173354661
144182183359
261406652749
287852395198
452776956623
317789450833
189033201666
950394107419
530813463495
164791997768
137431969957
743860917335
969060454546
510307805255
703018339598
756752249465
617332411152
410354267981
217032159892
94318351533
198350032031
504908109277
741016532324
519911318206
599433989928
383065013360
230148566749
210311111668
493188580546
124998370707
818124979922
466902210898
703600686127
904238956735
951600736317
205476311802
866612263669
649865592349
71361389322
447725362220
399026820002
439246873754
966918681524
790248846832
385115849855
569799549619
960120313345
589435194441
292656940432
