859413384471
957705023180
153918170611
949703377619
900505739894
909242716
629187849453
966681901103
52498076095
109942133234
377780164946
564587951177
171857418222
689691916212
727951411222
898351888392
383523900718
918995299066
1627539020
970931171986
962891279530
415382436869
707016490072
566541072072
537006545150
620897442256
965284868770
456422309142
801707818044
835519121711
894216907781
34675943526
121459059788
190222830510
65714393678
1017071276
15851665984
876399059859
669670640870
925615820795
524213346544
261291463043
322874359440
983224661437
718073762683
910453490228
435770166288
994720880401
975979528050
263929209130
999839274175
12085390009
128528673817
442790033856
896316303608
567387434201
280548805606
530380865075
173157529557
702062313145
711176524988
234847089153
23610258032
612143117795
415893609770
97873306579
375763377845
890835494451
819743961587
715807389212
784851791473
410890274511
414740654960
480326567752
978785676761
594196219501
360676574039
997960055444
231216157373
347615356663
259063146520
33012702728
469043492754
994231801571
538425992184
730376064828
915845041051
87265458423
68987314561
120966147403
637637753591
598834415976
658532095583
952002472343
170161885276
51249574242
118919516475
593273224099
632959402565
225599550166
