488104051504
392226111151
910358264109
772253362541
355796716796
111985776512
754378183732
589470736197
609388952648
20555027889
786528852079
675038503808
909942313797
262598849122
122226026121
754394916392
631826885897
713201925839
613715798511
401113618019
513807579970
407244595436
437388759519
763663537538
533259264989
931832272332
579542392509
752502607448
271267032024
257963277935
984553966482
951352709647
766187099367
11915584695
701291792464
699213530750
207588254494
584368485344
875700970545
472289333054
671557581960
810588522289
848923981867
168281768958
501317122364
71245949103
619943289906
167781170939
205852192210
984354360080
641686320158
963900780752
872567166995
17458594793
117332618102
279538298045
541760065985
275664825915
277667470744
352031461705
485594534288
391096503716
171883724115
657477843226
476348806697
471146286371
95457200322
987537936697
354256511972
609385883340
62718173068
616720153636
83457976142
680088349581
632326360630
829455018213
537317006766
789416236571
486858980393
770578504029
134816530439
688680278135
881214821409
244166662202
827984667264
239998886239
332639256865
465671624444
663409094895
826398417295
479697005480
310895447917
839370025246
128455348178
951275540486
581128650819
928724098282
251583857746
444582155428
980266394337
