141164791322
209611069792
722287901438
302244045053
583869349830
18951109660
205645936714
338510515552
563927746074
689240894065
193533075377
608122208439
480865141990
720149740485
603042207324
81714396807
560540922254
361115441494
756214895253
372444932560
563259579042
930392112783
737978960368
574895315154
393931144801
428701600244
507651856128
369491908609
796774697899
734422608860
127613915514
902032986909
662159597466
524422590470
909356491624
512160800645
740349175514
170525000233
78601305012
736615950899
977245633127
814967136131
17909224690
473625193648
992216644866
364980483276
214511304596
754527830766
132540752640
819050773124
765496722754
631317186201
763856103535
837651513544
117031844749
831632807910
718772460186
466564075295
743268669291
793985771399
3291565474
289854182014
932702425904
621456165168
427345705411
770926476400
292691258816
739584947340
200720716011
774242793045
379208052919
814475440002
274411213812
472898369061
673890409966
195971299856
636183572721
867842723639
150218504890
347801833720
362927443945
81290874891
313085545265
945180863582
769265865282
418005286191
193085600930
91982008704
347884535298
569442825825
570173662985
414818671937
168321090044
520115431061
896813419891
481981070245
78715943150
934464657623
202228210709
317211488715
