27233781638
291349202511
982435660647
131364540674
779016251753
925101835953
480584007111
117633662734
675416948522
497738677189
649277878952
284971830262
197680423069
671483907738
932138124281
114078088346
39865606893
976739041389
22661136256
47415527677
48689889518
635616428022
550322818478
362173989394
952011182162
368692231282
950473260756
638928928739
612363567488
67489950225
389905016174
63655624100
143551914200
612384421803
217109467690
514313719466
865061214501
759639189870
125982244862
988622027492
980041360008
674645310099
515063651528
662847617839
73414679024
681094643242
881531769109
985386620246
479462626774
773487299449
541055743018
215412177513
524540696680
818965604606
87505313475
393904444982
467443851893
768829795371
895135322821
815226551311
515074456433
79154078289
912861305114
489753981987
764307929022
119747825049
330919254249
494279052472
364822548058
755285642808
77740454052
409440066329
144398759649
8310759294
792990275561
109723885608
503200955567
405611111541
390035248903
760446466530
335460539290
985135051078
928363218005
55981261245
150929930111
217390311285
830692681512
512775603706
508649312214
770556906132
279397947210
796991006294
407608788881
875945891402
145588317016
644702279660
348070747455
189284992459
776617534227
564274048542
