564490073368
568151426247
937969076661
446065143813
501855415098
620963735058
276676656794
831460671334
131424767067
435299201319
212019022711
357231394081
378788796552
760378725789
581236893203
121548688559
41239872770
47850324249
685778071066
496035430694
176187160515
980757353002
265752188067
763987828335
106212898137
8067869578
899556803998
787108200338
756622438968
236742452625
63850869281
394563785979
921937479571
935508511318
875439929776
716843809013
487501137166
929091813491
372156574179
925644654534
51191138953
342402902869
553118143309
728729929388
860594943149
125885779139
125193701510
739031969383
748402522348
866126178010
54024946474
69524606780
613600967704
665441531783
255342714737
849743087617
376544815126
428424874283
503207119206
749334875784
575760379547
678922356244
765736776586
999286023839
32812445793
969719677559
206502847985
272560781416
417865039912
44932226469
953823737474
18746283298
967823501678
358634375515
506285960306
52964308072
679018712625
805467434432
377728299253
549919641876
305896000460
962341719476
627144222893
909564462665
684166487425
169157834502
23590758985
97806108325
215709120502
206928046985
23927308041
618112226528
376226740078
963704438095
383398856564
132155621106
106281589884
664933814327
540382696577
628436860495
