920330494877
539131479750
356471249069
625739038648
876193298242
438701119342
427370795897
6032873770
52772308418
714862751987
637469412122
57560504763
530251198761
897502226173
592851252389
530307343559
595919883910
394694960136
13988877998
270945546027
837200693798
180586811223
736454434681
801862033156
756870180901
41048516998
243284883253
325048330475
27037744627
627815454320
64012507309
531411018366
175637118302
138930699933
955633923524
278028259389
967586051134
738511207483
609241460579
240669618080
110317616611
126937263310
311657976905
365653341129
711687975561
322309868461
91859275644
724852287734
355510334859
449142364813
889155866511
428071294256
633145089390
633133461606
75067821940
484654962758
705118255056
895636708925
791277213500
272936281170
820522591695
691015015001
386338992020
430302826359
428996634363
114514330259
435203756556
957980809873
567421740397
475390661368
870464748301
295865294782
658413061386
559371405289
44758988899
779754327221
433813258313
359310947693
527194872774
423203356303
259426103614
823553058043
255733802732
811110450812
152273878502
575875915613
870150922803
570418184040
407017754455
177909045299
910334512348
744220172476
610367115966
262255382423
116569801001
50450845654
794656752241
264342303997
153397733038
712559668741
