68881019843
869086444468
520451220454
502853833268
117909551641
819503321218
836094451795
420839244301
852589804677
658741030003
250612137395
256808663499
324404829514
888961238177
323723851576
689664133797
163299460864
31964655048
625550019084
616231661902
906108124207
469017075360
446982024021
424726741275
506270424264
557602854455
19317383509
232978919308
823538807187
947204123107
113514677528
511102391064
702421137306
517838119993
625242008692
813818740339
728392830488
611469427323
864598730536
875366879125
232613675520
472832253039
357355588887
3371636992
696539345808
330635553256
564164751582
262960834598
901750679809
444432880503
62722592944
204068958076
482183359748
502425851330
422221693661
489326798469
497900326595
959042078916
888544346522
198026041048
865380876984
113506314666
374445491048
991300623940
613803423863
109470325943
809541590961
971824929619
917156698998
879153790232
735649188633
577900771985
660549233686
246321903017
381151372544
203138913594
74967647380
342253805305
971703882028
584744271044
547462021124
971737949926
467646112147
587499354543
79308168018
529273935059
435770646226
880889066973
758117288096
208183177698
603352542943
839908230353
651302339311
991925083515
344805559967
510351828176
49515911289
551504134198
802330278812
524197074340
