391175231784
550525462960
466387033027
856662576053
629644793343
761981766963
272533120661
491986241239
657598696568
399874075612
740429694538
420658127924
368097529563
544489196215
742618354254
874093206939
623112269126
302442790925
214904384262
804686860833
602552022055
767346580943
937503328387
534823606910
735974089607
46147283862
109801686457
292282954368
762886870189
722334770043
968781307499
821938704661
133927428441
784989836501
253003545281
901331057001
29525986470
191324742752
348903077353
876261685515
22339589101
398038055557
370560939952
149156957905
939777012070
919903048873
546421329990
326438848074
412342345881
833290181822
88188445215
928770884569
893132006999
433996504669
360196645048
187963439474
46731976755
728156265603
896101983507
842098085511
721616758281
602246721262
634932423303
246704068252
722133139096
826659520771
467992707526
298236089698
682293450464
447555460111
744139551877
350090284556
988702540708
471476660734
59051283187
661451707735
31066057519
13261463550
528240562752
775889721067
106651156256
581729674835
106282327700
508639765020
753801226033
389468526658
235306874605
546063230992
846560320754
221056701802
41994441759
983470515023
223599468166
127512528527
340749681560
801653998230
113189344807
507857924894
731039777624
548591191658
