182711758847
211338966324
185083764010
842659786606
155132448989
10437772602
747986792925
158097777174
520847092011
370600355494
123435800979
70134475622
906671939088
346424807939
168532455256
706471263249
735994058842
208625496929
823567674076
526501410993
246789417434
846125528272
299586722734
229391279869
249123049353
885376091605
374617418204
280167344973
622877137210
901606350963
871785839034
887888354519
656723857886
438318687431
162912036907
306322924779
756200435869
451617725663
777455655732
401293277128
842804921086
323893963871
214876838182
55219645900
305437817024
30056814726
462013531728
529274515358
586388649172
326513091159
582345958792
817260201749
154612930361
167558792068
247807536778
635029727660
657353629275
859397984765
64311208378
761237890987
619348345706
64908731568
393088849479
844959936251
384828582516
535084590652
369329334315
849072793065
379589760280
205775447535
107771329731
841880110882
465190492967
920692266303
836767573951
68891411616
866470209191
908263569105
706368704098
542053883060
14671993678
655957414327
752146753630
820742765811
480054551824
59040688131
393973720457
759323744274
516037839318
667943770361
649354414647
325168334076
268588396727
460843411451
770771325162
701594515085
34074844989
739796690701
524143484244
90499348553
