350878907026
264076743216
938262861207
903998145481
686588895172
960455547778
151762711383
601197158947
630124359581
521553463341
370580309505
524110153661
622377370699
652539572054
152255893379
841491000875
918495074910
496093294771
81247640892
642331716006
229305900924
127900831057
317527725157
834481771919
925643737920
491574812427
493926215760
535246627463
782107410481
609612045409
240429443748
978596923324
857698558565
896297222427
276538893543
95704406801
145809364309
502749138379
236471208302
74978955916
663771815200
15205851001
715547209724
530733651426
647769820210
129829199334
38801201644
521425747803
523650041636
556066144437
413135090239
413601813133
231128778524
934270508101
110968197158
230574363794
1681407540
44779873338
386658229269
781091559656
150879194630
251916226489
250263072875
524219072073
412046145220
566841713346
589690874008
772770293342
292715206309
530940029805
453956451003
322669948734
751361058262
384392338698
317571957530
410561196382
619024618095
853285786840
361075215023
240587049099
251276149751
110652989334
367818596508
375142091290
430003656191
663836101174
880476613168
81337239257
324387295865
322046465233
874906040432
654150236951
638573490073
982502348456
964369292369
928642575758
558528001055
472304604109
750857294698
162384391722
