623379135886
304265641852
428523926932
774715284688
598391659496
748194179769
901750638598
840862028060
303805161870
798773811830
599544821985
126248682622
349624362172
46693059811
822078458083
668554079100
987825432635
382358439044
681297869579
733376320047
214923169221
974208461581
46838913797
267742276451
930089844404
82021059198
457498180348
82305909302
971536815458
442984121164
676398956273
682774598108
823367480622
115183034769
157407628435
228007685866
948949215199
177767783511
969381930844
782025289708
50228275353
132322127246
52486160342
330457773575
856387260991
899354140453
474411855700
954224755297
246661393627
576321047180
462605996948
588913287336
932066267545
957620810508
684746402955
396216412901
253236730927
391220471695
392343077399
680843938394
380455098290
102355903621
541215671014
5276687316
971709800738
484418735371
370512767910
624504814260
438745314212
383235000541
375412750451
339151038359
480531665270
191987603511
314737501306
990893948064
122252462758
107414812132
798898189450
133877013638
458236074938
940876867739
170999592467
604676673195
848964598650
175246015225
20240135883
343824614104
922067484940
677118823597
244119119905
940118060338
772168850190
422454505347
834119820517
874633174454
585188926165
682307826503
167003731713
160042434434
