506415437400
258926941984
348274628100
78417815655
894313510743
853398771108
309307047537
401663194498
64588593104
609931357154
144231100709
166047309275
223146350418
210098767884
978957873758
894203749999
591888332557
773739103452
404149238208
409818292443
194887393686
638008493212
355989213994
99787134807
980519405300
670525243651
907849720148
505875681563
199442084739
797440973894
413373210194
402824874168
143912642550
71130677151
123363007500
21674926919
669587455876
800356028244
182676865166
206447059847
141985161547
421736077676
309951594086
677214784223
609500500232
973740508728
315145091734
933355176818
150130218806
812085020130
543758552903
359129078101
608040191504
282798932695
290192173594
716625663623
346197793596
42844929609
241311593306
101113821756
181859862595
579534303450
643757586802
325322754514
847520907256
329817298264
799502223838
292096436330
582859492753
496013401908
710864100279
30290140709
2389260145
504419995960
55386583881
754398648094
423828796584
293740230900
779087226337
390009905026
432026317332
844656777753
197727283490
922733007288
274179693489
301203989118
31556252327
651902529228
977064063133
980522428927
174668381472
640318973693
57676426183
134651871672
706791503893
872892707456
485499587680
199406684268
860938286000
741343412336
