873124856276
838008545396
910538968402
905761973882
352284052548
810636885047
532665479626
23642006105
166789393559
753474004507
766650013914
572810725168
415043195200
440562184519
63252469943
766436141440
438291185455
517894968111
348416557318
22827324295
982815122604
638161034098
643948464034
760172810250
560388010209
785197368415
128445062349
756199819851
446252584791
866785807414
437460056597
143920560180
470436346639
917890997466
919700039348
593122568650
44077824918
48798719148
635140760372
92401506587
642434419013
73862964716
922973952635
971122132481
338037909995
506470237268
976694680858
415875803016
442185453365
230513805118
848137849314
829011142388
195149911249
770560828927
256738613325
700449927033
937540284759
367853498187
74741998845
276063981345
416048613033
655775099008
838898800760
860694087578
286284701125
965167471745
829269287185
993460472777
961869205327
239340732522
337795098222
339866919371
800353614632
965499844748
253520498446
416468053073
983248048002
107179186225
868594810447
613894435407
711178297255
524770437891
275298523489
823450210242
357980347900
434917993921
838650148316
429628242129
603670299001
977059788922
317473616100
957506786539
458621632566
935721952404
864300912134
940755355269
727453548854
627326652723
535679497587
211614381904
