798939541262
523725810900
710800222641
120184516438
407515520129
362293325830
711570367926
125202229916
280483385331
384962158935
385495296777
473858273065
129182976494
170113539730
753261023875
41398345467
107295849682
302066439804
186860318628
320596966479
579408615658
943840343796
850799064708
595189075679
838410217042
684190118774
786758897748
870367674688
326974631864
357933554842
305843280419
406544677041
571586798030
814119363300
431211187697
538646016892
129314737716
808429438279
81593140094
416413461874
280992316715
204711848434
376679337206
150045167031
264843923665
383454012068
576143500777
429445353515
495041818180
786771554200
802724657247
239936248944
461666234778
53812239624
135948763307
51520271475
797356764616
475100027356
911351035135
731111771380
211980195099
454709289641
674613575105
531411911457
368085920568
993486084601
882123890616
188684976107
802853808550
78298148259
632718164313
480317032787
435994768356
86476555341
491526212678
226613760222
148656543963
521272316143
257508487487
695710347794
416541239070
584812836972
808793602479
837299297798
647087291342
950342448108
401533634317
10428958738
631205182672
134712731425
156499723666
968871353955
351520516525
393979905570
518970515614
326184253450
310845555053
244620993091
171116468589
771522603536
