865684391542
467050986167
16938217806
639176744207
276443571396
402028378242
119722191145
823921351182
947042688882
317609022083
819000780293
787202727079
987387520410
632237192708
742593121524
230654912732
226533043509
450213356312
999417356686
326082444043
880672263388
363081669610
382713829595
824301342256
932713916575
328982954265
164538871819
694242736304
391045613868
560920629622
719620728076
245625999037
279543924815
613268074984
234782336048
440912897340
556863290757
994333293208
355738358004
529850583538
508066852096
395132306010
796627106297
902057332370
619143241698
657457274565
369514643303
841534112996
175080460825
266957553546
390854170314
385082623177
832883582869
470329960035
653045813903
887998058956
725410099389
964672965465
558550052185
506983751986
354912469996
9162170222
246335937563
174501044539
920004446001
889067298263
650019069537
965588867841
450876669496
667821630697
170669418920
295214081247
877440113939
898073892034
397791050599
913164011135
166151596672
886271962400
484015839662
805685755209
846450244593
362682814582
691565480245
134677940941
376359505076
291882884796
494928918299
642905952745
51624596434
402780779771
447735435022
239127804307
209057655495
260455084485
694818049992
206788629436
523829497386
472123080431
173868931049
804010106324
