362809754000
818674300670
524722727691
516613769284
305604424894
676153276553
485432309712
415932300517
642889464385
9788132943
218264624098
287967393603
512275407747
967726840533
323131901603
640804666686
912132062881
283239126055
217270592173
552830134761
511486240250
730352674273
14273832589
764360353182
44830700575
576697599017
814680388792
716926863158
765418051279
700828442709
560814609052
977278604678
689711897
121194390766
438848297295
68507081924
785163038590
640242331937
701760742192
471918554920
331180861761
433406192824
36914283542
79197224437
267370080085
927309693132
334375719993
288386100068
446172741526
713418297906
391099353424
291281800654
895253303864
435188101202
455626487792
849737897490
687114136425
710241569834
896681388333
604033117450
340464575945
859238694533
674321040516
720680870034
446007412168
710893772198
645546919865
58595213366
789626834645
885611267421
622754631876
46979247377
241666197640
136159022554
28375961218
470097270918
19883480488
93667849102
916425446080
617498231618
916178857652
246991208118
298853055727
569296252126
755131843110
215497608730
305603234446
302399602287
879139909285
304487455111
367616004592
777350313705
347322703507
885315412520
673293233890
895363328808
440879276568
772355532187
546036900264
13051841147
