592743756886
45483512486
386190597043
705492407350
301508699651
939303209402
742872962569
989256130117
334637894906
187050264414
293246664520
149295706262
725525959006
314591010151
764443229771
269811075630
341848604819
474659284377
897657535236
206598536821
309031991435
242759930007
429635428742
401099208487
361913095896
279886402647
116626716855
930308718473
917164060121
491798310075
417931672253
604431994991
582644413071
845603264377
849930661425
587602629678
902182836746
949472608794
807719783393
342481752298
550443775519
482292064060
213275334676
912067268796
988529363395
257857947369
276337061058
695720596257
937043600604
802118414640
547935844919
190981736709
327312949788
759188072769
697745352124
435657356958
412299281250
511028530539
668455791609
78484176064
93497108115
436182850398
445192594418
775257991290
139665555270
599707073937
455396386198
32695947904
263854903371
946452561521
542195248120
536726702658
680809064445
459097639707
591797809599
174802367173
989295957479
282294745726
559302222570
539288282057
339202137962
134478560055
920908136241
547069563918
121275424935
647029429283
543964651436
340117800488
391299794257
447258510418
661386956932
549276969467
865245005324
119003609178
542440877064
992852420707
673078692228
420717942993
368542039329
304421729232
