440219154190
224934583372
104130436403
177664267292
313453146122
924255271674
290070644113
946431727098
860387578107
82967820294
767268153572
161515561881
32662611789
319252959220
703656349252
628199369092
929621086622
787764211414
772060839733
829369764443
251982080077
723548827529
29286408635
761003801443
320606586731
945889311547
507543009347
659550707581
747095252767
408709875476
859501796947
486064106583
942567313673
849021209981
75255226804
629003005014
13832781457
135035113149
280305006225
934391102681
4328386298
634240428755
839097404970
657829514170
470611512047
715462767551
35736208583
9751902141
615455026281
265238574443
780015451601
312297975410
225870609887
515368461631
459318824441
161199128822
669365569287
59224151031
257942531189
232150442965
422853052647
536680451814
891811490559
503646408540
744721771251
839871103100
540098964673
321632619303
811273025325
956644454217
221683905555
447746671750
571608443454
215658047110
835662653668
590950531354
544835226569
77984474028
723181914010
398059506872
720678970668
877608812349
536819234926
101704883999
918200895480
539603798032
552485202169
114992392158
102482382894
416658442855
271236242282
694447927205
326007188743
118974408900
307325261263
46551905681
580547585674
17680584362
581473849400
992734796376
