842252673543
351273490144
366468217098
395780129041
842961787388
175047309431
223525588475
200274447793
592715170406
875009102640
546765758005
490915763026
554237384754
276139721202
105809276362
978144432671
12479436590
341266131018
77164824374
178998401177
613213132796
63558665428
183089646665
727543394605
403454134295
440229560223
408905969242
638946212929
884265183400
522258496289
173936117949
707943382664
950564741145
404357710355
234254771201
358086802238
839320759958
37988457993
803726426834
593054788360
716613088029
449372918874
796422138775
611757481661
148022262569
54554199559
359157611222
923458531149
419148543381
254229308135
472753213720
743421542804
390734213033
597107895763
517203056108
138086503252
308851858882
7659393139
4555928525
769606314629
986142097805
145123610040
805218588788
723114550777
117642257532
66058613398
155878159793
916052765812
332976604665
691019316904
520309985694
448252956880
444376515342
884060764267
444777957674
482327598698
578607152469
856858639506
548479827596
158774364664
561920858075
774708743387
363948102579
639373216393
813195562790
680131468861
373085243329
920134564135
362633925385
676761621931
811451286742
408480932298
656078162562
998316838738
253230247605
976616959860
885568412964
67796946710
253830079540
799956368545
