544700914997
466661358884
531217912906
749095409052
958888555498
607367125665
89317410365
549212234396
677861916066
654550265834
123332244097
985938790686
404133705294
364109764622
443518275394
64068133507
259458233332
486218196815
790654202482
859331558938
943866115834
808978383888
99180704143
168714212724
802233931300
717489279764
85106131830
750661097576
387770939881
3405602019
154535843198
166226879390
972695833039
640042355852
12823761051
113440080367
840340861784
686115816193
185732885536
18444775058
383236630742
340024923036
460938570927
256000879340
3309138613
176001055245
989086356134
219952609798
358673098335
787242841491
698857846434
536340562059
15779856202
406947872378
651630890008
668863667061
699600655089
554895098280
754642314359
907946237128
392216518977
944597591083
82727616446
325530299204
767897007550
201372121662
871061790648
599363949381
816702883644
267639693427
227833481143
335700658600
173297554190
582618190797
457682702585
888017706307
600224149494
622042651034
692159361247
10561356661
504097172066
291640560724
897125688968
991961374793
505314910941
11272446773
27272937879
682894761621
38213452712
273906843791
907842642709
417201627170
382610812545
598490270074
336169054843
932575988696
557873064481
829130614844
179752365965
168698918943
