478812735072
190869467552
594381179926
167162217416
29756996877
368520554234
17096685921
372752167799
935438280211
419479277533
616724400109
855422019371
551977950245
902161356452
477409163573
349609732028
891542574404
701841114404
882599335973
615979548566
326121465219
949318537607
395278406242
438183671187
748771152646
550905155572
45820758505
757479270679
687332193199
35545049562
991274408255
484056220071
561543811809
612966863032
722498194793
956454041952
365983568886
192596006673
908044798062
587908536760
795649268240
895349089585
931700727041
908473526078
100526240493
846347581088
955974228388
439896265486
927434489175
864345705068
584423216995
983247064803
733972237791
895215706875
506694414842
606288110503
867664925213
348695435310
871165143402
413739132458
718428310130
730739360778
30510512998
368011393303
347027602467
132573145645
653403800333
613216608119
286563295801
715593645534
604019012303
186195638287
655276916173
88534054292
544028274
389633911750
107357446234
540978318121
261257264610
514195429426
921302880914
189981629181
235800664659
662438411604
523121341651
60975763068
405106951532
420292774276
208313060882
83287769184
974124867023
642353406031
320765128791
373000760497
208578211804
735686662518
759790571306
442083883849
600397948122
720300463233
