529840635140
745967718325
600953035703
672068483999
380926871438
973526067676
50915526497
705186614562
849994030316
953365710248
734852277839
92795779921
185270858016
313341425339
751036729652
449464813734
242777247296
581592661745
994179560071
879710810366
383319639238
548260666125
162312287143
24201261825
365355591094
792852263965
473393878340
853185982677
599887039647
965393753469
10487922733
381531655346
987389538886
897476213170
847352660661
502731865294
956110793153
671582938381
22008287121
600837857001
594369295364
732853657566
611247698972
827875255898
743271724374
87367499012
704096415757
150326881792
347150104985
750844683895
676170076573
748112630453
827464497224
485118106259
179776218667
576025881867
802490429190
256692784188
417963882564
946143084400
423692175176
656387737767
232360618509
692429919007
990493840799
785826935556
425114255422
438593296471
90151478775
939184603089
328177507333
117609127309
402658278303
459406002166
888669516787
424135905327
276070796489
951068614949
363064369748
613231176828
409156610557
988487989007
199925071302
133998713111
528992393263
63398787833
34716181855
259515033458
346179398939
804069707576
485387754602
562425971299
512279641090
447474688582
443187096782
677460821942
374315290171
499560401422
763168469466
519603031534
