149286961770
420860076192
481606055045
16526977753
896851279144
457786515303
446048322594
110022358694
350277193481
181838479951
992609628154
982882172862
609480966856
890303685234
754050458678
129797652212
907353360687
617931697793
28623844591
612112780514
667550219559
296172476091
595343601210
878864178165
651309575021
200436228217
644119611649
40476681544
514935679343
624529974890
994941121031
196190089837
373371892717
703150980348
417897568909
206920430830
476510158019
541063867779
972249631295
632639113471
121636302648
219311643439
616374096942
416864656465
909704660712
117742505928
264455493699
339027031448
309949909978
782578603512
229918208587
459154351043
105090133457
833616707798
975740422718
794695638342
371547106455
665118120517
550544374969
301803341046
470268193747
118908029211
856800273852
241656520870
320201944037
488061374651
255760034000
826760425858
858395754637
427363043349
719428796926
211516441170
23726263296
562526774029
136623270349
77982179321
562201805395
155482867611
550178288102
545540097961
103802331848
932497647150
909726473251
92883532008
815219743713
111023952474
410367639781
391436044447
664393327295
222845923951
107079157795
573478569852
598728364606
618424592043
89423998163
40780181820
715410601755
15018467345
682152685433
649815260312
