448416800105
369797317761
645292304062
925633833425
360072206780
320469084415
915995821882
189746588361
665285086015
299825535868
366783465580
940948199734
993648203427
340819211139
144288708404
317517496803
835410917266
651788861482
676761891110
801959715267
999274608481
444554376160
654647445098
177000988087
263266577367
678861847772
71943124654
54405723198
711033655529
999941560588
906787547090
761092461360
595563444010
169991132773
341122168739
738353399398
80832133364
704867436105
99301847348
792613646278
448558842563
742833884187
364540113327
19305441292
746102329511
352220691288
470902708596
784166338985
531200072241
156266958198
555233228806
697870782283
786556879115
383413850350
61418377539
141107491816
70314580865
542937714547
824231237438
738184402881
861035756741
621040109460
355445973436
458972965351
45418054365
16529891502
850406053929
790704914126
536289263525
896401780543
74680881067
869231903782
312754114329
303514925944
761592504495
910411274432
158217918344
239709425090
147394362527
674207768643
655203937729
825461624748
731207965866
791783834681
589066776839
215515685042
423270492254
670819418828
124988415913
128401331210
226409612409
650177457655
857495690204
359893467174
4807604331
666997664944
641525489414
182276343412
14173838748
26060334189
