179714204618
506515991892
768259838591
362377479962
641982342980
321323778221
835002344027
142092574560
179953640243
715059235599
910175721686
11836147280
650561285939
464707725463
513920149535
936337617244
565266502856
744658344504
683995565331
424956342580
552518665592
904950464895
673086555252
970388684420
80552458824
974648258398
820139718586
352549230626
897980557898
789113966300
77381777058
194203383954
907938588334
868136540144
931813182586
604068318368
939231908235
97055624952
690545698115
236851723484
707604588665
374807949118
552262503648
146608946787
565280195618
468466726976
417162947458
507422882640
969012013670
483502266835
849371306573
688607050358
147917521752
644268064207
357744039764
885694445518
702503793720
290581902500
495677861618
753860308686
936153805230
272359882235
656878969610
910910232536
332929413086
770494637587
567415471153
86590700477
334347734766
422190638053
889167914289
747665538607
817345949003
808634887455
139791785832
375368100204
616143423101
663510506207
767554614514
836790940285
553753855370
688079755854
177740169197
320183603060
315429367016
205618382440
613406992455
570015869901
942490286400
275773145418
784384689077
640679706065
695397417323
494885228112
349606959090
353090177270
604067357137
635375713419
243709449430
176139699376
