775239274815
780198403897
848088922620
295406422582
976556563922
934572794378
714839604063
786732118325
272852735603
440100844623
271067450063
684828406210
844843915798
18161716414
352824225129
819881927807
15193001723
196360982433
820235586442
859156678018
823416877705
712434352813
215267030414
696129716837
974640109576
696092505434
627362175785
4043885940
983177639396
31005606518
319003534532
627194882935
331256089670
699197092860
132144234338
662937931935
197876066112
923316911847
429689483128
38792708825
54583496155
194759997797
828176233832
369541303681
189621828629
361033736742
507110083189
198436504205
807662162492
677857090430
630374782838
773345195468
209192318508
949482390764
885765016926
825571553392
695927958328
117966536903
4272544697
436364872760
238889943576
791362693774
237993981289
624629031124
397295671340
775830779037
751180108157
641760594284
295985463514
28712533956
131006015497
902865524964
753657734931
224184770519
781988543791
754521104259
169490160779
127557478201
528655661675
587158972467
169042984633
1662933509
231413851215
114302383448
400592125332
744642824450
907156665134
267534487846
390074388681
88784260865
336060402401
591860227981
250857809401
875507411643
415463881596
150868325767
313095593438
474646725675
219684046165
762144080393
