65222932023
83211946151
642340034401
429219619599
470969165661
447376617485
558707621366
244353909997
16783214794
447542205500
182267196953
280160378991
861068004315
94941139823
885299319880
347930521616
556964405884
305031733135
371081417987
299817014860
465547094850
353817641122
98195971848
280490865382
21906735848
79929689033
720953792577
405015933191
210165565600
721304418598
781583014227
391408804416
265341568477
268942087084
334031551524
23251911223
652974966408
537032922277
600134855419
650719254331
476053909126
591174172123
9873948820
515214392029
784304981576
954843744402
63334173176
936023881179
832707977288
614467178392
135975115892
310259058584
653925337793
822169139747
628227829859
35187467606
562793505388
166552743498
751956883574
28135416948
895430996418
955612446570
550376055652
988414296680
945945855007
84034390802
239561354961
483052537653
864292920407
160715400531
543543746980
542434350802
871188897330
976944928290
387254284686
9181400337
542063235129
502333562227
799980336920
666238935442
527601834863
340865336164
518837575405
681188229413
721462911611
588217309633
326736174865
698807635074
704552707944
923030044885
90739936309
809401443662
669302335661
530834607703
109132039832
536680548797
167974552525
179536363301
480657767218
198003648835
