205306648683
120294407761
656027402022
988697238647
243596635339
774068258594
2457664563
915343112158
409888252621
74113949502
247285278007
171389075702
727796064721
92270608878
167315378473
1384471364
572184697958
25091119471
88481492873
146343044593
842492001275
173476228197
586791667510
124325999760
470787583272
937380220130
859685720233
958732388443
136181300735
452683370709
798502845952
232523728355
791856747812
895478335143
124537428915
310428761129
254203641777
300889845890
931368957677
830954820714
19475961970
357362199473
443135133236
238996908615
978019394617
79729055301
216073381058
865654739215
420765115530
503286193687
490682082875
498683988851
398818344493
878439297116
911078094218
248127064939
875665269100
995576936943
279898245144
12355248973
503946565007
624569396810
197576003913
653895634828
842007594107
76626684636
765902039078
304164856718
961104463655
324507025681
435446870391
276639502929
343566150572
585915840896
296711880807
173353452383
5725700023
216603642330
546636492332
3295064863
569295653522
707692373773
192842348021
695996646375
197868363113
24257313983
922863716019
63738532977
542709434794
251356756186
666977610230
796478821279
556581846023
934489392863
350413015654
866715106289
774393994626
606069061073
682360983407
66080092260
