794054816953
43686411378
461656485214
283078171588
404967050543
337608849709
349054451881
663276632033
919435051386
699800457109
724245930822
719062781721
288999361817
824332126794
839378041427
121240162824
123865394952
264393829647
875224866293
67864507051
34991721663
335845873332
998171535550
524271013131
364938273085
689306201867
993092740628
160871792113
323504683043
375790257912
862252596551
904751199713
474943259693
230062589196
749626627399
530404500638
35645610632
19027809717
59726964581
780515579499
972722156839
794257820162
747799389953
723475575025
564190923886
777574267511
125007534819
164966893780
593392238627
537524409347
985245083772
658010671782
916774301763
674036025415
784927149434
498714884841
947825964559
431161651608
91239209360
257832509648
47177797043
815299960812
112565710102
772817075660
405710530642
661622387231
578786430594
637970669753
295047972813
34669042276
222325781541
30783857602
167177859380
86283217841
743218847503
852292162991
947361457526
217016770345
228513084892
724106729246
783913355286
356803406920
51323544494
149903717902
438936139024
77464565639
995504675853
447065548849
445532962651
813771082668
495854841090
895191852217
231002372854
430647785818
337657640562
396781025462
590684837261
208988110102
374591380258
197495923052
