806335757025
993339570670
523000283189
806970987533
161401765732
443040561499
740299997983
482705229290
490489134573
336186727419
164469562404
41571598219
429507080301
192806473451
152400771557
213733125803
989655634310
182263962394
119258324667
21771170563
471186399211
653657624163
301128744512
773156828155
694170718709
27846359788
302328179882
262472290791
439763054872
522760812147
335574342699
265417591206
509391372684
643527783740
288712884012
387327999653
533180866189
779650979422
488876727466
218966749636
472711024105
62435897302
239958650414
159779494923
811483377015
22610390334
431557424811
774475962631
916908455112
360131681824
481152991582
893873820987
942732760277
426318905272
92735114856
785052023091
508441271596
799338576547
131304571241
524172702558
305300811278
24138455485
371960084973
734782690098
993583375218
904919371823
753399311336
229397558590
632553446863
261435884884
414895966993
440661082011
569217098908
761298938771
620204713114
289416300562
634773322458
933998317650
998823582063
234589845051
988736812810
794239490114
358137164074
309910298158
234126318208
659988035822
910847040107
589977952781
575566718630
844551402112
947241571518
87800358120
48971229509
77131255103
657611607135
642085149420
493881862913
749411724589
382350359895
625196552741
