575272749206
81704969250
889544908534
69991275962
239565015183
696603590081
402749220298
71829539127
489763136327
935098595063
102361816392
464746435426
775243303807
391410079430
458426534028
642506322604
332858992674
75465703784
474953804564
353000984286
430980752590
512712046940
905125936476
366638137762
703669422236
747508028017
746317943239
851850177659
940566860600
400968234303
854536657975
550142415190
485050291468
723852764630
933558351494
360991343215
416308977379
400052873867
718220666806
432600134033
142691279490
261883291359
607645994492
104166208382
811639539454
742120045213
25623283153
573281194251
725810720561
71819982635
492703736613
672237376184
219876093906
110026456910
531632378199
129690564437
757143056400
95384910133
940458499154
981497857778
281753345774
21732775553
632788802557
523967863944
637075080165
115303255211
740405356946
791577811990
738439205786
441574673340
117645868954
318939677980
848472295953
646000455226
332465138713
853613384518
363737117122
753342057753
977524485680
403550411742
737552762648
651701164525
815674855762
666443939600
654030939188
389956274345
357621382525
535133698747
280621633942
155724033416
911660693204
257225275631
209639879946
486382125592
293131195702
490019529160
958608032374
538391722428
718035148696
215175911520
