576545923757
84117377546
128081880885
585170834805
12339825964
149671689731
285933643032
727823024748
421903981209
505478772006
529134676993
685842564729
945849518702
104060180636
996721111648
921265634315
102479503941
879633437253
657641698027
443321848077
98437612088
810010051654
618708457232
899482047717
291251234900
132911886900
6618660206
257082386076
880425340305
42208261504
359797147239
939995862924
515524982066
847542751700
863422320614
261076755842
379493530943
31557133103
645365336325
64098579626
804371015407
215014531085
384934692903
2370795226
135798918621
32793548826
336663648261
784323851478
724322948108
353622078440
325092000092
435630573781
323138755436
603640101326
497487836311
768754835662
316909101245
733231376764
243688914303
74040331016
953029814738
106846931897
478691743538
539411513996
641553324919
171081143561
311535137538
463749217448
64475341345
191414562142
902116440771
599197406969
492711675476
972360740512
608296341880
8308958331
989214872753
383823337242
225133279325
543930643576
494283923515
246581010901
563610940855
629857993433
95251624028
621342091070
70215421764
814396661977
317310464296
439254203369
374079311407
600933417277
383869678850
841073847637
146838305380
300607258558
411968318088
3977140173
540403488796
149855690262
