365670290694
377039354138
725545977520
659569712151
402218398817
25005097014
216407103930
613461845279
857793153084
192977603733
822191660544
482516137705
922277981821
830071952954
709703759147
800923017882
377581355640
734316950330
30175986807
39329627306
838102090888
493952721030
816232116850
542852026143
200594550989
626443045523
6302441171
39399986143
746497723945
404488923173
184241229467
479734293867
363380667663
44665075854
223705107136
173936550660
727382761633
192425272457
589269327240
737099547136
342234037856
952333377623
642519352588
481248551874
979344800518
653030584864
312190632910
865405820935
983018972240
628950652670
219292599369
149885815585
948051087382
135810594704
173631504229
662378958008
260312408284
210602532349
705331595827
413264652546
977437511867
919090641651
304043706698
291282590572
428997882487
422396228754
742241869318
217703118861
563621190675
528067677810
384667961424
355156465087
741837182656
453989524109
29993705456
372487895972
279796656730
743619982723
469590820699
308703840786
938798006006
769285206917
681884341618
59991385875
108248041782
578625395930
50996563378
221961003703
284334459872
921845380043
528535430219
663923565947
636300637688
715446925497
192965136512
288184333322
935328580153
287376243495
560935919196
901417976753
