27893997362
588780318101
338609923252
341838408419
278578866563
331702772573
174470042948
439478466470
134691344540
754279459550
644082016708
182476643486
879171872209
506989737970
20451633324
658363442088
625249389024
849743060840
76449841830
546524431227
339254552629
352271205075
572481216319
322481403693
828396928346
417297234243
670886744393
735325750775
204242055811
181472347648
436185603454
143637831717
118573536748
875815933722
61130251998
402830822962
845294230258
638793785670
216649462725
302038817523
77322064382
668553347385
681090366410
170779814116
658151640859
628876511758
687459571905
709335001235
886272386438
260693639555
408175249938
49276335430
65709178191
337263328851
354955751544
26578352338
227784166787
322230227333
364726807737
118639742131
593832079036
412308596321
783299904396
64091792898
413799431325
480314319833
70040742862
856358874582
586175623824
548925341617
524716332994
303111938551
529857616874
161221511872
960811918112
319079466133
635396113635
159273334068
217543798452
612369266817
606919042334
796677683118
320551639881
125603886249
809138661611
70459912963
769864966134
94333960563
162393342347
55608458120
568945016169
999336976525
517092779203
367865253724
684349857102
687683877552
658364186159
53150003773
547502850600
545633287782
