126403725925
391449934353
83450234129
666993182581
831017867679
68104909025
100005863948
726495644115
101087443385
743262675827
69928666905
913936870247
278153464315
322740491385
613465868856
897708015867
134734124822
504315684401
985401435759
957622997808
524202813543
645231919262
722161076796
400644087660
410941226965
462731930682
182638681622
357243235916
250712248429
129238617156
798776191713
436187095656
912193213305
18446561872
577492612017
557361586123
350510780094
675053914485
893681599595
429339867150
952777801462
728150551359
702064584374
911498663014
196202196133
573822821032
390474762401
877884192494
457125675233
311753400737
373983661545
590749249643
488429285365
781538963636
599658963372
485115015543
334587974975
756363949305
11638060154
748104037434
138610819948
446502376759
987064481232
31373614851
593721149271
444100271767
714271763649
954931518426
384033050235
643206564144
176159654448
168790040885
116700925946
671000678618
420134890703
913173279579
441329417401
543359260811
886106254715
161118872612
233435870919
435283051165
833406029461
124559647167
144801785386
509288786389
661472142120
167097676050
853595617079
247761644843
541190426202
504035270439
370704618857
710789939580
7895840752
125879077526
342695684083
31685034182
401353067492
691564026425
