193256198642
453688633613
217689271320
899471108011
220724303550
832248606067
718817663264
947775160462
708111081008
374693616330
87737092490
536018904111
300082763637
347921054197
516024618777
953696886945
408865552096
830080845149
494418209342
802885048031
43477749305
190202107378
714665905040
175643865665
626913045526
620911545104
140065101261
555528423637
43297625370
731552671284
180713856346
482131735080
920055969046
912313711448
347295995841
819919579109
867198224028
740507448981
880700454942
223673035792
858821993516
577381744686
846325204721
25681748531
88040038914
863619588204
223014565136
439798838610
245721002224
896900858262
614358351842
812655208980
631637273283
848055352317
482140851252
926459398306
857422241784
728914102984
727867755208
499814650633
498473667833
939648395091
474804358311
32029322161
785089674213
323521813827
908486534388
783353488694
547483487664
986845250120
295163082815
213448728938
838067349115
453196610148
34796182741
966731570551
284789237990
397962685833
148514389803
536980849264
882405167007
645242894409
818622474571
896207283588
557554728615
818540231501
666680492111
357464287238
490813694026
66473758231
351950412777
220925835292
761792104240
842451324628
783687478030
998844421214
651245828464
284386258065
333480317231
442077731402
