826836054912
907704585959
807790853161
897340126650
699166179526
448056873642
471076414743
709476139409
521236385231
270978194798
482024538729
205507286391
537074490859
221921093303
45173111339
935129737920
927264598624
985586846431
336675851421
106526335885
933295856374
295950647321
674249578506
649722272837
412985829428
534229328493
104472193876
725644509393
327702796483
526070762141
472093911588
592306533628
276399694916
753536391701
67836489798
176054571018
960945078195
746857673428
883935937536
645436271952
521750694361
930794789425
18462353138
563875347000
740750201500
727858412533
401087298635
21465169310
747276916409
397001835574
642648979309
122926234441
980599865661
323503997867
712051432415
465132990298
599578392793
706657064019
775101568205
618590819245
229755970123
340530026991
606300932172
481996031945
574799866655
512656500166
311285225686
615185942376
780995581795
900699416923
230651849080
680901762939
355818599149
248258282184
746519237017
953893823779
110630888223
761381473196
313268955338
329089569055
394679348915
467681347920
664830553319
754158980521
632108587360
786024019961
206663250120
611278482024
800258341698
998895263775
878079241418
421474484837
713627537623
742224575338
406132115589
847500112878
503418006612
254704996912
129788521630
844421925327
