500050388841
218687076488
413965473051
957953930219
457061190572
951563418834
228968490856
650512638768
626650537507
581697661280
777248544000
4916842361
83102949961
531185456619
245858911182
702288207330
571103345636
113078486586
209351776239
854756101834
338368178756
524960676506
945740585165
443620575233
681827279458
737703597527
307697598636
569664977983
818126125019
951437795484
68608225698
522817569401
585207825406
410630996339
94433950340
327261349025
79453181656
130289862031
16875664792
976485300518
784054801756
403715597708
416055484315
43443371542
856437689289
447938572721
998886250286
389333899917
806022383531
587802236012
940803332638
850007956133
917954302332
505234318692
428898226916
210494775932
649986286869
466594932380
57250813508
643391917737
323108015140
906998704946
741007790218
245083033242
364163323617
502816569533
242616820290
475633678304
621915912286
33242237975
395020701926
922346393460
535814717637
534454233224
107163441029
516049829782
694372322068
621995303108
37381048446
807364328698
573759436891
660335744684
920257504693
956783070072
261402717950
604860648020
744684278620
285428003719
519171984066
655234261257
76405391051
632016625694
847528955280
532505202265
126306609167
935162294124
1580165480
74753674123
109020246708
619828008636
