540353357586
77661838458
824679995706
351927254230
424250772558
356919175193
610668094931
328881335747
910721125571
931503797385
108393825313
595351593327
490750937295
416924967209
780728276975
885579893724
937924285295
921566042130
597479553939
223760332152
534982935461
394399558989
181120330874
654088369432
113321309724
199944346657
278837016972
502114999954
994013339631
529645304959
226794490263
465365081536
943586272128
56103465464
932094769747
326527255395
708307744336
607093443704
43967473386
231586118086
64800801116
665479095406
706491674461
384998748197
593151940716
217346188776
362881574266
270743057205
888063729230
618556962348
859878727428
630677621420
454445056519
676942663327
777030907650
730093898719
43914568355
77477810790
327463968226
190724426196
251569058294
596030896683
284122913765
709506155360
999831612499
492223933764
188297572569
380318738522
663101708872
829311173919
27223217684
715456216179
352609223300
417329434463
95210508685
243534910178
323608148529
913192583930
505110681822
200060040782
631028633241
188266377511
559928882217
500988179678
686987963283
174919909703
960954481039
171237506917
161169979013
613313567449
427403043820
95834409181
148805380876
249232274224
558562880782
330302166950
158584656388
993850655904
932149656668
846181652368
