411095301889
509935008007
33844502231
459425651460
722453185317
945361083431
516998668583
255283716469
663739128360
690018573423
983478754956
221315432920
67969937594
266564430222
729915715283
173244152531
652123985843
677007076688
438050265463
241596612840
138922320590
353688552789
198218988310
799358505227
898064664550
134232066647
50618540433
35678024615
176967457626
229863862446
776881557303
618694991878
206496230956
19176096756
664310936235
86628378646
465176235033
765780591721
894260552866
622941671601
25929637020
201210385104
673194595894
510413268472
136828958479
717022241344
261693841249
613374790833
562805400752
741273422841
855949815271
780784921623
309877976220
614433261226
72456303371
48129648999
987771406478
550976210176
854974449048
721907876071
916076317848
628317254761
400114817545
751090984910
201661530814
357231504765
653079824532
854254523923
592588536707
702715136051
505081982404
679301430294
783028709073
86671632066
755178382031
920275505561
13023932728
505560162434
614424039090
867138754158
797299192015
404331660699
116208604350
515136493820
161588607151
478076140716
826727566368
254706988347
996694850088
925435697037
392882999096
636008390090
148277488058
291742857606
248256853653
103622228156
949203137770
549637664773
841686983396
819830360836
