9896996464
292962808509
764827027060
974689332447
924122999187
621926061757
505572676686
300849606796
941038021701
81792137453
941504683423
980961443952
804740519911
352394982533
717106934497
168599943450
865325693888
876836773855
889637842909
723023001340
403502084843
739448047341
506888350412
451665645463
673695491446
184768948222
129684179069
119870391563
19211880349
225171095157
411092728837
905319173559
894582601329
839518079916
121646450208
824173603443
148105203952
480904362549
917398974781
567694737908
484823995542
463133085379
490673640788
122869842033
682482841623
139548724921
342671495399
53905597210
883979272973
79828706009
409095119060
307224249215
44712294032
970838811710
477706168626
73740313101
503056108154
204071653411
656791894553
290947636770
275275330558
425117404679
709020582323
689212170892
97086684510
920959339666
781159954919
16760647192
591710710954
343689094048
989139784313
141229269430
164962040953
136265060404
654580110384
840895399240
722984340114
573006265518
45958365093
904347241975
993848065007
893847599355
987709783572
808470477861
154910408474
116016354375
887788031775
507013836865
310231847259
469884727918
664412083668
171806008035
845271470343
561181984284
782035426098
483190400062
161103690689
782905134807
273560414651
51082218078
