790818734885
316833948528
892761055813
546315118574
462193697208
793483069322
363352911289
670997828138
276177725647
371902406131
572442770246
855096858438
385543573734
899803494913
294400443587
852240905984
137506350805
569970650221
832842384141
640387413641
856018991425
890837306175
111036334746
814804725408
89900436307
690856509394
324547033149
653617875421
724344892493
56601418693
299310408260
2826797432
125596946236
748225614361
659014552657
621301972410
57055589983
136117362530
42770606552
599738574695
156435678793
652314803429
303418168829
228369075743
776545496525
492725165186
98556811075
749707613358
313695908250
70001183586
415634944281
325496703613
146988372129
783757818819
137870669902
927544550
450948214421
902016788105
920718875288
715714138194
448496100246
331594593000
908599007362
984834215755
993868074786
889083583806
349947879317
991177460072
791935282146
736268419583
989714395828
907872168485
905882427713
701421128572
21379256664
716422539170
93665162292
279550475296
34684601049
995306837409
842532566474
780891411121
66119128539
329105696669
456097028344
584535404347
426172731688
16426334698
720734375759
118841748955
542483630567
630244912035
621933045874
737544735213
452776209162
113223018389
551595771470
155946695870
810701225720
442794860726
