522279093930
105737894486
974456378996
190174756400
38446279685
656760854980
152431037722
132265453055
413606856600
196810925357
254588509103
724543522440
876084345356
976059139885
228140202628
267117096255
325767208914
612157897920
247413795721
15587595809
643048548436
813472419412
795638827689
91723479037
9007441398
892187228069
582908326428
625229981656
726205411866
610901008276
75135287765
92234136488
597843686985
650973850975
111501531486
325727458492
711063673890
441833521226
288323189902
216828140939
634404558042
631738046747
790384831423
735836036984
243373197474
732752056347
933992471738
462457488561
464739248518
108689755114
781367897147
871099297493
469083531589
87509202633
776670657913
658661322765
609512418954
730622014148
928667075318
527794490064
683779999098
60130215299
908400481372
496136973798
198053186629
253525983738
659369045105
267259835648
539883213548
981888357675
542997503051
870427241998
17748931145
643362866382
1868692008
103537708859
664679515846
567807757681
321140758584
967140816784
128982724971
694134556550
856219784455
109232354329
19884853146
434751115912
82563545384
314421024003
103276169415
861184649042
36833324811
927056937839
382450214108
494425817098
695876481338
275965655863
405649266029
249596689739
778697142992
976154863366
