27482057997
279460902583
50053330942
299487937851
566050664545
901302021190
595730706171
783180394252
329475122930
820430466880
691911955510
743678702413
707139056646
434886154596
910272182841
204917147344
511660436423
528536829746
157126474022
504198403394
974328190611
261816647103
773525148878
143622939655
959267951275
289543798466
117673934521
542982726258
44984501554
11409338998
472523873200
880709237698
173790612931
496136128883
654397099908
667918074724
794932762827
967687212470
107404625910
766693274428
180302373634
186287211970
422367118892
776877161903
453272889272
23864311795
586711916240
324451663482
661664365281
994680362244
173884844905
849491308734
77202232514
96325185935
396867518658
321246850890
573599060396
772212020420
418136798517
159616885846
67559204375
70549273215
929752863101
458821126331
387624229874
717261273293
388736548340
872737714635
700006426723
860892608481
984824819978
601362926611
998378360322
16540346582
953621939261
30102521618
663539576826
228132392643
35189048759
827189951690
930325142796
856612301513
202682220287
570687736473
990429841193
635725056092
49877533092
801853068287
609234864415
513316481640
595922438550
775275670491
930668785119
518093981120
99986329921
356439950424
981274008302
415157663496
355816479224
937910963651
