909697787003
636631222554
621580139602
636900986983
949412714402
217108465313
42588399599
461644284995
580281476743
541506406141
580674892017
91064468873
415872516497
563198836768
651468702992
105553837021
611203838568
454587736434
17618451511
573353274175
29250975404
136954148750
423688434211
591743764461
350127367292
393284204886
210714902115
784360210199
774860047221
559314061717
894656885637
153042613861
289467448389
776685422620
575548319888
383664916783
579045708383
182739810990
568756597934
676326676615
660327707390
509903955222
621043703021
378502654175
252677103352
259789267205
375275170688
111328302786
67377822392
732629746260
602440698906
203242027885
882094246484
264848786748
253386327901
813337108938
329412316375
825039790054
298570278332
801669723748
677654185738
941991773108
756734166625
611682767579
474592684162
474574170638
920719348098
717575209797
509971429631
335265770421
79594922270
899696133318
295612800832
53919448512
335062151544
718936128415
354087461456
99014661521
7099243408
55587783109
994305383335
797276547097
956202090727
827960353043
599123864938
967103365681
778602615961
39501405500
579261659111
362940778660
743647257478
327856932487
31343241066
654444519554
837447745357
143950791693
250786923445
600779582177
112059367210
749080783584
