595589356457
333153954172
818976376009
323590199659
766525960534
725455219011
480297674582
228446903541
341601528809
572447507218
21318721621
884461757877
368038326207
884300056248
560510272330
317633727760
87411257056
115283235751
449199173562
405846418362
963287701554
496355819388
717997232440
98893540350
217881828800
843101229099
503920597613
655156567769
135586397855
244759705396
199929582331
926255202064
648653990028
273814971738
473536423083
235380022796
226394843841
8931644260
472253404621
275843687542
699035489246
765502440394
739391636584
546680049871
148973857032
914266714737
562968703574
658520581090
178951949946
669889309838
467075664285
978696248243
648631515057
344740119249
822606432154
283897436561
299547593062
420082892315
289483861729
271986336350
956681557497
585747703132
255151231261
147490914380
883928700317
482130122331
424941090637
212406325367
946777930364
282531830350
547221888701
47858066045
166541618231
625601193871
337105982106
193433146842
808260533423
936001999060
768435518342
149480512348
330896046811
749559822015
953814681508
105457606029
574842171282
927522552227
782338805900
87940437939
158077511375
279651236255
734196938730
216826160887
54555816910
546459687445
78829396686
587677530141
311866370206
873618252278
440390491969
745378764366
