489372859750
24794262983
189805104804
41838303528
751668028154
286210550279
523946915834
293213002077
407714541514
646541893367
602381234272
337624076023
415258437756
358171736939
179391099554
157085656572
526711309987
596166864064
909563932908
882112695534
413494442546
610240089655
417966597000
859580762751
634760912248
309074317045
891912193160
701254963413
475990257657
157602431002
403136779648
615366985985
92090748090
947631717080
119191911345
300333342969
594718934214
482686270619
489058384005
677957368732
710503612957
840671390801
979921696839
168665499445
537840845389
520468942857
10885565356
876251292816
251513969646
144960578973
952016667158
395315225218
578633574140
363022337721
179652466604
532470006287
573223662665
460730521674
434307150071
146693080554
325373453380
451628665016
803452586121
670352621497
855983377345
526982918178
895451030239
349781927778
482377825643
534901673183
319879197342
219160400581
503242268182
507104727949
174350088706
406025883783
382377142340
280521432322
595836594705
734349604826
455201617892
437634843232
365769383963
157998327353
519802549129
303353460193
818537988447
607646881654
955324899262
784500115558
726016842960
534823430273
557607793408
185287791086
709263579376
235739715098
388896453304
59543724277
85877103664
262498120247
