903718731742
474085257901
304102554098
10347217823
480730595993
925423071895
955605602848
652099421697
443499883911
934093617283
546361099813
699275670535
468551345207
280109619591
813461587323
553876861060
960981996968
836635620988
741388059417
561912871142
639803657266
623508725875
910950571463
661514827005
160999934197
499066569155
460916139603
666562558436
368277910026
817585469598
694632917002
608492884980
956410329747
249292872378
267045979591
25795250423
815297789613
170804542353
410768007799
138784763318
788780829198
994415747384
929372706539
347558470957
212079700082
543776046898
393340462873
181100736580
556001302901
742972725060
275680078098
364962056170
585724533320
646417717873
581036241761
419250067001
429273155038
72547099556
831421779014
929051925459
743686256488
393350431701
439315119940
914431173392
92311994560
267163891449
32925151200
464334305011
685595962896
275908007361
744636655234
775402476424
483742106175
265007905870
267245318418
352947129916
572469926915
760949406656
760081706961
119080888488
636921582378
178664262168
551393124768
69525175072
892228774150
774620447459
314622502330
580902280975
292277053915
352528170353
167046708345
751719432078
417364006736
135426487119
473001106213
684791009085
564940683687
214651869489
214410138036
727746157824
