816578110317
331802637473
444393679067
608350938591
884729291505
599265299610
677992062737
680312547304
622527790545
813569787747
950283492497
55808931093
656717212258
406042828236
998995183835
197338490476
91974990148
9348604561
694722299801
786913845677
31289081824
862550132572
535686560097
494558106292
676619039396
368938331344
236753619616
727926370686
838333009691
70531752694
131235574933
227480398683
808226263731
755009760924
297787199510
500277108838
813586757753
494828034246
904865446210
109382060401
320176438706
277650549962
510349006584
501532998584
800137970175
203083719851
789782972909
637209235513
275575239811
932993850672
126308516137
522778617421
741568724697
121198034989
136093784061
77383850650
520734302070
375039324889
11888257473
573967129454
943584154374
768877313794
978690521029
684599438481
642967504388
445646649623
28601440718
863612325097
736746833998
739193869671
140091844482
390168647088
982291007058
844678932334
40185733069
850065217672
300623056825
161089556317
379968518728
779979705848
984130307879
499945538528
81462795267
48663460760
579569106416
142334634404
20838567317
370716328526
758051374471
918083274567
45087907867
418654730063
536738223048
917741369405
263819902538
768497268620
746117572295
998970011959
347064040729
277040077093
