986281233771
55841742903
798726433485
722165261436
679985986339
311612600335
722507751813
919602661280
649584507450
872152466021
393483814184
963843508901
479179619619
157405343733
891501265019
987739017543
807303089741
670237584452
501246204448
957194920658
380062608063
29158636312
185471841507
951914100892
484130869291
602645226819
957347549947
480627513032
313149685407
739714021136
149420831943
88235922536
399071114715
329811460098
320895944601
953926547941
699939407435
54338899597
748582393968
26502502806
430073175431
275917781701
901570135722
638123497102
536876520126
49270985282
995571080449
686665984183
734566870041
438296884921
818347082568
252472243684
572705915510
830627114451
168409944401
788696149970
771434608036
469360210597
508644797468
85169944184
430171984884
37912756148
620061719917
559930608066
747206313036
764895143881
914765526324
558634835202
442850891529
228225011240
273877863578
673530573160
677460519717
26915594229
979348321133
973809454942
789442770681
588637747420
110226399798
996479431790
711507899346
133569430098
652698346612
93801889272
611296045091
204328051337
61841054527
901984013395
713787020958
285031057094
357199158934
840839602690
100964170950
47547930404
720072516134
545568802758
348205866311
836188956222
356239963091
777913133176
