145489872964
689983149110
979308422688
388779634826
617448585623
782689891592
698782209626
382454140312
423794391971
800589747065
277339477866
926302577996
173529984597
917811772329
765833869385
651869441995
868751783800
3328138871
152716433115
914153783344
744569058990
678079235082
186720066891
344522174709
601486186520
175675714587
314401719548
709363433020
493834628165
603601117424
996180516034
642244213678
894806386333
500643813326
714023946353
265566877302
831870787436
768686275107
446470477574
959599245807
774440903316
633901126795
316182215984
498787103885
512062385551
791372771408
741670017155
292742735285
387938661108
400124696357
910221732374
579241307211
574815158109
685720598007
528783525655
424151062851
938734692572
125364589331
94971353558
400698086551
161829586033
60490285848
67330792186
13693173263
11400473103
642570427385
712373971598
188941146193
308020060433
366974946196
93219825377
701454793650
3660766365
842735642574
943885154305
915766919228
200147200708
173272935215
189875178911
742527921716
74907645473
114136535174
483056228605
273566591958
716256377418
417855781762
258355879502
141488831321
480350379660
607351978434
364643834083
785650759422
514233880389
597718993733
259298514612
819674082595
465544117923
714615544466
747001134379
76965331730
