674600508649
219930339290
609643031184
294870870897
584991087081
632069759306
788674311730
531823444083
630776296589
293615193204
913763273241
412110763740
316749765847
87024766859
71856236190
626378244055
249952379998
270517315294
623945621659
634264728019
332805223716
238586075264
968184207418
334325139167
33261450614
124281199238
191456103407
717430083170
449684791891
312037959523
455258366902
315940920970
164071574861
193779982078
186567863454
347890162719
404130581600
118800862476
359547403337
816609727321
362012111445
606630555398
605007772984
851198527336
650658209675
74653427633
190704613062
237672623611
804928647896
204103198575
649127968105
394400861275
122991441990
31952848797
260494581414
217553264592
704970967285
304795588340
164146802865
452610096671
127982712869
174773397749
542561162156
487380044843
802758534732
226939306634
515901723376
581139577134
30189991259
975086009498
157970762806
266143760905
182139259536
941691251566
106245577646
914399132808
193416005100
803753265467
303574344084
481518989672
265722863989
514107445808
528996882979
904620621944
628385666449
94066674376
831377634373
265024137235
9695508573
557814023618
532282695001
570104541582
293909558585
934320799926
533229723303
749729665866
549748841792
255358900421
843038161654
705660979254
