824091373036
37626061389
253612787654
582572851080
268266910619
498250208004
49743939563
690366596642
568181222687
466450563303
574020568956
117574569819
727049278144
147433960073
216899952492
390063694624
770499449452
530885113195
151406439089
834350496922
189514617402
759636877638
479516487191
141201335687
528208873103
272514799176
188167409219
630117836283
589451648925
280044689864
409466651987
193836890918
114641332860
563740719277
751840243435
862477780312
779654805006
727298122933
186807400681
120378728134
936745753735
43952359399
259660509977
390086776041
447610801738
335535085707
971039838788
260435430077
709484103294
191836205779
42745524459
953539113578
939616419329
946216337988
89346146991
309530554281
21283384376
988167008166
345583264104
172869154182
877729313987
488180008391
979818068791
434004162100
509743117358
125276281165
821859473285
258472297170
158797446036
204070685404
586946502424
510499815604
213965698779
64998290053
194974377787
839007660561
697312600011
217460455264
5326259902
612771922358
801676219041
547996231920
293896766471
645086072601
914428059840
839262627873
738105016668
95687602742
850356544346
226380655671
691031541649
224380577309
628941543816
289101878529
760905307428
47253596627
690131718518
771924084639
753718627007
240329369041
