227983975565
858450098505
53590599224
309105817746
799441644444
447656784794
554570525297
239879102833
683844608080
665881248872
108518076261
797111111749
179693463201
339691874416
294458002475
98804918737
417603550797
620915364360
784944180307
830087085891
167435231148
697121588643
150251100244
216616642259
942487659891
210668280965
943217755623
322321666599
723705229213
900669565760
805038796133
658443264687
810695366544
582200843633
26163847201
625532281160
16078870494
408245193016
523136097419
677596135725
875418808092
757790592555
616112171100
364461221428
903202933230
244847183986
789441792076
754312031853
560408152532
978963918145
637500750394
747553876203
870363307976
541505448037
828168283814
401420670871
927171483315
196422791331
796291764928
919736609099
649771034010
444786445344
544574154463
677501596428
40992638050
248653438777
325929163233
160908709514
305562439591
759041886376
159692575934
676995197751
20665597884
137546351620
778962649126
426812300273
347533283608
829981405802
313753218833
772841396486
697896871254
125807774316
605231613036
262214069134
660106686899
356412004331
274100339270
777227193353
414179255825
366303455741
235488058360
588697658425
7063114342
309794663971
69770593333
52392684621
119265712417
44434743262
423448003711
763352788772
