320668256571
449387822107
834730025830
678768952685
121500103768
559682288062
881337641408
47332101144
50882316091
62171902405
536230196122
252697352179
14983660098
927923202705
773805241538
294684523571
925645457589
963423276535
997941796484
423665195032
419266075761
615479642105
372385431401
121404338922
956557822337
412417404131
187380160241
166681444909
519438938215
812183893128
577980581352
593350951063
69897797203
278368534815
772517450301
956907631286
296571851104
776354957478
956110804360
987551694409
280235474474
704392705444
242605562442
234491674771
616933970672
92857112121
113805390327
65978071169
984715609031
707154344110
689581523403
631752360052
390177512007
126451959328
798731212623
658886569841
168395336449
946546642885
46407401456
63300584746
494437438690
371336597492
531593539925
77180676132
91209593213
179287849145
986995341806
997508201793
341872762858
581076554231
883277124209
720897901365
222601438973
798064969271
683350890789
926125034926
183694678996
438366374631
631966665622
456065719767
40659867496
159729064287
675285706073
433895166492
617449769841
306737746322
33456930564
502637032814
597186314632
431311465475
732715890311
717862044168
446404357857
360122309457
349528090231
885338640735
506732108927
473019474350
841795353180
134900101334
