372246577713
917845326680
345150581175
807424679379
717579690537
982143341106
24180658953
105943550854
704236577140
341951706690
182467900533
930160232341
546928974167
898540962504
288604293131
135695187977
502489839343
304228841922
273813360859
491379472914
62890391438
60282098121
672257875550
453800824494
808277429574
392849057614
64597805973
495587733052
820795847689
319443022945
693617470560
167349061896
776968902716
545569133405
409918405429
11900508672
236405245643
943205818076
569259735258
263035663337
315065757412
526555361996
824995965311
786026385480
865159060203
594097694775
916016282058
433139182993
870278516312
719997436898
986199919494
131959750655
476409855532
224017801
27977361640
164311922243
612934670054
160038244868
679190550791
611216842025
863805664836
110305652044
35336755002
198787545013
523184127970
319806156731
74396313602
501638108155
593103121281
631241718523
676448361427
54600904613
541287591959
99458664228
85531262899
288647720662
663007754865
916531599077
891387186284
82107140133
574713334525
52030419771
66833266031
753444874557
731047178295
792452375253
78956168349
441781880341
901226521699
443917568896
887720629417
603681250270
177002612251
333511009638
813950356592
78057579397
398335960967
494358852223
283272423877
777992643287
