368609928747
113863395672
457079226729
115829931973
664669891383
969283250937
560801824275
696552393279
267631178608
472374211421
655073398915
690849881368
685069484293
280696134691
126724121403
601904129815
929935668012
621894539388
729531285088
888417810541
487320777118
644707623011
933351056790
71959009566
872920552714
326586694238
269410567061
750297656928
250109291959
252270684760
21944536769
491280286640
799224663088
39718559966
755641234190
479149060116
386157997350
724631836647
582804246507
118272877625
508322348913
451882823123
731380313702
477955098892
5441526068
689980713440
719238440389
876818412928
809743345207
267787623561
492264744147
136451370034
179859487995
109002870046
708443317427
634789103630
181697084708
265822994291
463371834645
287140435141
302921472712
123273594772
850348099298
789002019343
149754852057
637525903301
98258353920
569574240584
494148938733
431896811803
909146707286
417495099857
6888646253
759274063283
602982324795
508543138945
855974258319
719666478480
25360131075
209925180655
878330586991
134476235813
820721576152
22330272384
832500022422
603576800984
346163031273
790305553812
997243087347
949696232057
302860357462
663030849708
494452896008
910923246559
692150253703
546310289891
389035165687
927218485538
522718190191
139370011824
