318489563955
201126673305
973791813219
382664959229
329844894178
304434727267
110281438504
356398428361
772483354375
989458400448
420168855683
932073838895
565635250931
614407368018
264287634799
219545745418
303409698462
83135729594
319816679695
185438425373
91319068179
247950026764
931052660097
265728687427
974266064180
385218465976
256095387831
14407558985
461263314659
973791283630
574835266971
334121213300
353481249576
80920872386
845748731988
22643907673
163956765281
716543112045
694446616496
322921832756
882849115562
935596749572
566940913607
568214186661
858225676351
957634356488
149719459105
49623245603
584068430842
855843067444
744737317803
434825153126
335091772479
30589299779
937976299567
829095459053
419699619659
621036348900
785430250782
919211360999
160652502945
555124701923
18591356972
781378837586
863797507310
877438722128
371657818671
485957175495
55962713891
75997207444
500574347272
433239019319
315804951165
616103048196
999149555864
530923382205
622173703669
545708218101
72437736521
782048105412
77889570161
905166144836
732416654826
220969735127
817119373365
51406149673
600238365245
305309725563
228036099087
578880643667
369314812239
468308082616
769720431283
399198387280
746391381650
915981707209
580436978299
469921615388
637399005264
862648264740
