674642429039
416435212815
551506257700
825759198327
120161638636
916205150305
749726414908
543988787882
882181335226
927909118021
794711518146
392567981389
607684256077
557542510653
147227399511
517151699816
903224247824
720526120380
273428347361
850364859142
287431852576
573878542965
539553788741
536688447182
315388179039
78983004864
26732465405
950286664691
653756076244
404912579351
371548202306
635319219564
214903085145
427804765368
686349710645
298914432
345871691319
761817142291
130092193931
817839987970
448493139766
270732501277
829913132937
997212374449
869487944118
72903590924
685325255345
516994827729
268615015873
897858809999
448925096594
759975495830
721128408944
910940969266
323127937788
851342142456
333890858372
188790711808
110004577515
438313624159
715939178749
260491309503
32159689470
142926104043
32179045688
531213049802
313512502945
466004787400
954065405093
887441381286
648935196534
262525492273
220611183786
610632028324
641812526044
678048681849
933658734996
443612601077
431424552510
856606595148
354727898494
981877292284
187086698738
571212109811
219259089062
509549869274
254271311508
810815196210
684533937169
559389372166
597426899064
464118705043
964692034350
169548546093
726615627003
726582294941
636901935311
750910866792
153900036001
82938199770
