347178427012
991334481908
450764207487
196739640656
734720844678
950144482892
828430533812
128347605639
312228142055
950135872391
766140169833
652175056817
90163404486
643355657137
326560555516
243121386247
608778478119
185006022471
929386373123
945104207187
338349710156
468277920748
756305773998
508950945833
923131792844
680359304803
466468330900
297377428195
834404198656
83773724503
907248024188
426771207049
512796243714
40980356070
500668360363
350454125480
889882771620
758600309335
458844997993
276671051820
54991265202
179220184738
139374389692
977431053996
881269538394
565915516504
666594329425
835047437995
690939522593
266934670964
866224169057
439081770815
751744926675
691559610564
878221713736
306143873423
179698946237
437887555917
714774250230
515593084753
43888449422
307078776522
507265418085
907922824225
521795785209
199282056639
250998402417
364437066406
161057241315
652405321373
427839183665
809777518715
278951570491
177584918854
826328945978
949695692390
979208135422
111405320717
734538234948
679493438354
326092238292
921868100417
145777526158
39662940798
864545966317
605932161014
391487227200
606514930069
709557311910
758606737320
413845421541
911257121854
58887794767
558330747748
414632692225
630666613656
116331767146
52480219016
879775245943
299595970842
