870450339867
265862189899
66989636456
625097628681
240035706690
724713365048
808252277933
856795334645
662321482122
738907688311
118937962393
642799638324
819394587483
485035099498
46728129275
584664865410
721605160938
986856550546
278554527302
33526649435
392072390860
687378948856
661366090092
349020732126
423635504151
767617483291
612925381302
742280461148
106868066788
648136606103
376539336400
754334903943
20485725396
965944290921
908692252208
391430382367
885372549967
791214058103
372685217974
730849304314
50469525082
798742622264
831468714958
284429083993
108658819281
500921670799
736835037731
9779992079
597414762893
86974523922
151465896554
254821303154
884335989315
608907107530
202515260296
395849258270
76864092904
176320132832
357338003084
661385521659
281255225024
769841454041
296685140067
977150044054
25802336598
2704404671
153392196578
674989890112
752142917375
849392054958
233959562511
35769996534
671796082312
990543695260
743367775976
334115975685
337467064553
626532416493
989618983346
84683978639
352813564944
634234013511
844086246798
797337659279
485680385965
238462569507
238729486755
910989725558
276671574365
332044830451
299019369703
887788932773
713912650258
404355028534
88263453179
425445975950
422697048497
471959667214
984615804511
906258871430
