113434717633
665789289084
328756796655
295079043231
49903526271
934711158990
464807934321
734166405540
422878411045
8850072902
957782475684
383766059022
959493540399
426459122114
774513726288
833207634437
961034738580
878306298210
98746550229
456852295705
203809956874
21336967345
783209823965
755846330116
563892819782
491293974801
420765905087
729297614514
156436347645
866316080212
845744123331
871425931482
880434835009
577612606871
44642868056
668530547955
951411606630
346094624861
704012493712
577834382839
376156270696
420618925555
884268897891
582865073742
2909101951
980997753045
500611536357
814888267186
563667324113
199527564891
566413242739
361080182552
93024010362
244858399497
151751068230
958637319395
887029233660
117853466518
293738746169
626462349561
663172602193
541595312564
706850033511
308239092161
374421838442
115462947251
427674689001
210930544991
365534138326
103507724111
209044223093
313551726473
520922106184
858919338786
371927858350
632599172631
591975721124
671535896039
83417501981
978375694235
447957950234
448874578287
78206098341
329599798272
946510726348
85420811832
686764753090
798270168354
844518120204
190668357716
186827776731
48984712495
264867137305
45434076280
355562870080
138186095883
96701498388
606959542424
534371182268
604269678745
