660932277357
659968172080
681786318223
31703033865
768010212590
100241675853
64287808682
883646298265
65976808795
893769886914
331882745068
849808665871
820129643018
70838750667
208146367004
351907751207
73916443288
859735623626
860486385712
420524577243
995638441621
188618458305
475082465992
771020781641
245372743188
391630027394
695766148107
367419092991
357237257638
802485316778
213609398890
147217281796
711772042417
751755444081
293514506498
428510908415
506211142991
803847821051
900055873886
227844741129
334547483360
749136373162
254022826942
77237408007
821305275318
810638918690
367639660703
731257995629
991075811002
51051591527
996255058421
5298382498
87141876089
67035341806
27815708866
585817649873
940839075048
921084770692
349291424642
861085482428
547724814836
561849786851
349736785935
545459554937
698277137918
119076049574
655581215168
289296005386
505819349021
712963291968
8572659035
448793302855
879615907754
457085446762
43741047088
947581846300
16009723673
505631824036
530415519817
769968171568
260257155201
123253174918
456405748849
126614025398
568896100793
479517912776
334970483137
229556331255
538575407957
226812778237
50925455919
62800866026
721032705311
356900779743
955034737299
557090513138
348436794556
22082728782
642517589597
311499982081
