133513914240
296108160852
287919103677
471269344878
690872119383
518982067929
577669790456
572139519404
614314016892
963123760228
272135577129
602670546898
142758210698
638437842495
728147697577
652141575149
687548516431
149159859498
526841114018
569271401727
338297715473
727036533619
78311625766
460214211921
733231701554
979025528855
422591294129
112094574709
501452293034
268014715490
476722444201
157726608095
121233504000
889661742559
94535132974
477217627189
514269644564
676635081789
158458209370
210980698666
717518061684
21498872064
494789548487
835980782320
875848921061
251257587951
561890900795
417598106367
19049827195
258781013647
499681376775
364157976503
951807541826
313681666370
654076762786
852302664123
527919084232
68528042996
650844468780
983846810723
638384723755
857244733354
24136927030
777710743168
618201278050
970516079969
962084733654
404897579823
766297490570
114995791160
222628255577
303227175732
835495505365
54134070936
976518629075
977846970686
716497683265
728789686269
403607737992
620476726964
336713087918
311291744185
79618812448
669000930158
36458717507
944116246105
904114917564
782496031373
791101070920
639383572311
84106064687
247496582608
878637479263
941653381043
166537774670
350114010715
21636123172
585735282654
929633175646
32591309894
