802761379029
782945848610
812143316762
855021889947
915350588474
658325216914
295277622037
187394968510
73830417875
259513088744
352415612260
379744392756
378177465500
479673229103
767122783526
70810471438
596782450156
930063452600
108958360756
762895552101
45744883934
976953520948
579964140935
969582909118
375585560723
59631252646
980557392591
676864478679
300855563407
383222716912
331250230788
772435057519
137350883668
835989001778
781465639746
580298567744
414965832052
33358676826
144553595334
420700705917
64037589558
959176139375
134703300200
250640187306
17141888728
836500458657
567262566039
155992418885
608534385661
233904705110
232517060090
280441633440
202382781171
959825890486
196992393264
665215440557
458722593859
167555018949
638189923169
979002457684
652828836560
996639185698
730805160696
757759559416
530399336637
758452497964
100869026836
549178247136
195930367693
551670209821
809471833942
108976752352
822156737466
997132364990
809721589856
655692794439
893585349458
674697411701
516875102911
688311633286
51187020775
137415022392
607133128120
4457155428
277103693165
684141562169
686805315829
561625899953
401452035277
597599774666
417048596067
667427953407
334774050327
597094118551
525369508696
692779250488
953602195007
245720679525
665471957517
600896434636
