776955685216
526588687066
917044765742
741029673084
156485614674
740444503944
39659314113
855608079946
952737645287
242812920267
147753278581
177857553431
497945798148
868221810335
355733529646
390336562756
669914408115
428718355894
786213881360
240306978595
984267361402
770903678708
934347360526
313588577425
592192127510
109576354018
342022885818
157671458907
722964091599
737947499381
93103717272
278726140192
696822966652
801495198667
304720575582
913363710437
129810055651
508154172074
30588120060
813283217440
881156533629
34481062948
603545353230
379102296616
163562267006
974671015869
282280860477
117218699493
353054842305
402130663600
9548474896
962146616071
766046039931
155348465620
875562547449
484801406760
40925111300
435770608269
426736986074
773180705864
449361400423
184736227026
7604648262
663547111459
543655264306
449968857882
581356558396
556398696242
140663651624
136792373617
584257633375
470274635056
603309267754
843582116153
655565645455
578490596953
80122571221
306152918637
113795536202
417061786792
743178268269
624537590686
180274413621
202129845836
310457227876
591033078888
139724236983
452334113091
235120591586
324970836270
96151799819
899245001629
434188520150
81325328285
346013909662
256642651160
619222074668
441819750789
289647376801
163747318076
