634080695296
712966321704
408003897833
545882179222
646210117331
856795643517
374836835241
498705910185
958058940593
803557476388
886260796714
61546286556
743747837785
44287951791
794549974709
952692897411
959474475901
210808928850
62430920380
149322429653
861361462929
161162554554
405786643738
417423828654
4143163243
145377294597
346339286846
850106724151
589499645397
746560865102
398400566724
838902389516
385759283249
548979090349
645186748813
265246906591
236623496143
793010506846
896768312497
703521229903
902768760514
763012928226
737598560271
417337797113
678208718824
688849547898
819668287309
815162253203
672448020494
686595607993
224207908579
347699949711
438349592284
28886600884
712809761426
998532603000
304119620413
361053126961
483183739969
811208849274
317623069859
747451431673
806504343466
893768208607
407357838649
929835386194
43063909363
226938272471
982962671474
879444631116
30627134170
994899354755
868297699718
587705673763
566315837615
168009003151
854004529186
557405584871
631604419474
31108933335
134349330958
757695114095
762844884131
586544417289
279384370392
286832908635
390648708559
631805782026
911861583017
133353890024
162809895284
80450058540
621688125863
113235372764
281775336909
432881675833
765864335877
533004669284
9192054747
847140967844
