499830268473
762321299586
246592605993
491887854570
998062325039
474522618600
319298828879
850769843195
969733591300
623476964469
902879000513
148863771514
563968742141
98005995368
172356594097
4446397968
934845719468
937938464612
846093785792
418264450885
227443475315
820547664133
514921125600
600121293970
90751277538
212029899530
931355052071
264051398811
987960042831
816470284553
85038042112
327563534038
388936848601
572243369385
52105570293
197908134480
528237099079
671919992843
189767655451
987294744967
885161653409
394967145548
894470097481
134477296554
762758188540
929322910258
918713669688
186635673028
681564661542
3945558609
278685779340
753723946356
663830302198
943064616536
645604346070
658939387134
328453469133
193242683531
380421223409
730138971779
301872420926
93780886130
512713509826
984243467037
342646429431
486610116060
799776958139
778494608687
219024271902
256834445936
933109671719
453135437832
484194084911
172833187114
56212204722
398932364979
601517153316
994725153699
676337181521
942890144073
320205109508
108092449354
305678890045
113709408901
872245166274
561174186737
513672063743
740073934124
528521470262
898098010814
149680649538
186209585189
232661645273
462145783114
315961334892
689750962812
15030665847
731192771221
450491614786
542883868769
