733340810147
519313886225
995997127933
769315000072
108022061484
597989800129
199325432754
372991585287
157988985845
354054801015
963742126256
234748064906
211406264862
504589234170
45092723587
705564085702
735895654529
163447634427
672552456934
10874368069
339610950008
172146504048
542061932908
577289270149
999571505519
5836065540
598050096959
34537242590
593579721859
111743825157
443232178846
463510570155
342635273907
427374201445
775073462097
266125813330
192255930901
270633692963
899189414790
84801351540
67996701836
42821001235
791445871067
147508015977
701314468516
847537255938
594489016938
102658754431
655014624179
540515593114
652640972740
960439468840
299947078085
185515647695
487662600921
157024854635
416207694042
319719633463
870312715044
818685399343
507212441615
29589343798
930785784263
337448953216
609154514509
353504494575
196977940609
718671364624
965549725227
591116661864
260123997428
357110245314
42440271133
793039168152
37815953694
527105385520
80855367572
223777963840
788573341179
61281024677
35621681818
430602214097
63827164864
706675984159
349420333959
596149078142
711527815947
221347080036
648397989624
688566432655
541411388959
195200532884
763565592738
785116972091
379102140902
774499778283
79714625138
827068986599
701652734796
197008854913
