46592659678
104082016412
404706412345
640691436348
795405976413
399932548829
971030838093
206599373144
427895000289
769641867599
368699211737
20619773509
643824593585
369801912410
721006564102
213241449457
395680072446
760305320610
890174374063
632752853405
783894536815
260672536441
971624384890
892333528527
618628740136
594984714290
794956203920
480865469153
250515814828
269523392578
21022927766
219634555295
491469905980
687943412934
194502396456
382466099868
749524894000
451524193314
259010938445
113896734403
497634477585
516330315918
51914818538
728679633221
340131248150
829804784007
251092657653
961013697981
905767735042
760514329219
711634878407
537206619670
965859640039
389974814166
675695355804
972222405765
273932158034
847290054083
914048662448
655522712499
506278911948
212203281220
376412676169
748879903955
955187825194
917983945806
828766171446
109677398402
796093104870
182783926112
910770120823
407264634408
911180763555
270428009546
207347183292
874184063560
892136594194
433663499968
617035419955
986596985965
712774195117
892761311922
313689077491
839537189691
425163078848
189192257043
250144328409
980789837134
691778816841
494552724974
27986625955
607249667781
938869901469
163995062925
566645841834
758677143869
757536398678
924074599450
144719365805
186514820302
