623915799048
250738951258
548059208824
857956756281
723045122043
605653642684
280112087497
489164499334
551338400049
21628960874
598946195909
475068029363
428894728030
372722709171
997917062830
825215341601
612120438257
922977615383
886767095660
25137459582
343755727449
483037661386
384766349256
954257608570
143963004213
838576835364
1039816979
211882376992
328429616709
584116451286
798656188526
566349480558
157575028722
86008752218
361533411903
600018294521
934928058084
314192590770
72127843727
976549548408
613112835487
95244993056
305358639667
660625946447
746871781248
266939606920
867579770985
255627680169
140840822514
662672550102
784710897312
34589282653
90513808554
271342160508
299522393818
825838841272
913687392513
48708246641
536532386430
676458871013
990293513117
874608770245
168681698571
802615346401
310564827592
267664764329
709948145069
913335620282
82735247783
1398262545
127940172204
157448344146
735860821647
8938997960
821600326992
926693753120
820715346358
326480413898
3208613945
253432701461
835433442823
780452695500
569821027471
946300602715
397172538719
914949397486
339996203118
941901331073
961862495055
255644990841
905233211569
639079643085
970434912517
574771045247
662256466327
503994342894
308003609268
247300884096
824353943525
638143350906
