751289007411
684355898061
199198065885
307394474284
262844046773
719249687662
927869079019
666642743373
646231381041
107717473692
68512086653
420137115180
634018823088
539130400871
132360017395
87017730624
25274522960
135357062731
410342943814
748674515472
275683717977
477628779523
623400598489
54648417257
784221049666
207763786532
719448626908
764263109295
876473800726
506048544657
823264423656
625709014159
397397725616
493447114560
575928047084
843939966369
923525608528
607077918434
389628503706
984258763253
669399335717
92760050188
65925570552
889441495594
947317472039
696773029555
907138929354
742199309369
494704268379
402957790561
319155960680
617850548296
173803065545
59121074466
655493847844
556376390890
297324623057
869066149830
442204717460
859999850076
542405629565
100287577484
710933398502
450389878421
21306629841
170835176060
290177231705
515458027945
856282853697
484062933108
941231762773
502559785165
8673512357
97283753949
127335987871
183361038123
568606811058
871599222669
793241356111
271747342458
960138874390
483614765146
204215965549
432260685356
367991753155
357817410942
129788934177
671577771615
615237169638
242953797698
2455992915
400640523446
757572484507
792759118005
465100852435
370351153298
526810568844
264294341151
973744744101
74223860354
