314617405334
243609201602
634503434677
233550137850
351044651218
836687893660
511954388683
485153369929
132306353358
343692730377
115943721464
167679832541
911631536163
308097580126
372025368396
480138627293
422904000639
948761062655
676925592780
248468073547
4932736141
342137987812
589147870022
242065187203
840550521898
456979326830
301660757177
101980611481
275572759350
396132341046
245952554473
199999030542
867123392900
580082387049
326115434103
387062294327
525742764295
999719774563
984831720345
606953526685
33538723637
870203413675
137864801565
306686735432
267043705971
39346974214
456099515203
322086508819
492126953534
308374759230
303150204777
794511938937
635283570692
347817699599
86260328624
155364465487
966203970325
613594194127
726340464389
908692807147
873691066725
147341314292
917838606708
782188017602
413667877601
70530751519
498714157379
26292778857
304917124378
451594939336
589233369203
873677267076
660947463262
222087259666
615858631527
846163773850
120538587671
187048833811
340671412983
593736529779
46688436633
484880678787
648208500205
163223332546
822645227303
120457930238
58809367454
444938032902
765622122566
73086853872
919757044153
284344227849
124361502764
149309372746
929757026901
715739075755
280859788761
865568990100
843919354495
662169220408
