737614002857
386833700337
87492198299
516744492841
659842827650
526521057259
964768594599
896614974939
20547195908
216823186369
722212071596
484742913825
296962480431
122313372716
614590512437
718422491431
724965950854
252216947823
338397625401
431448738213
913386020066
889351624404
730084434390
186636223374
95063289017
294345540107
314296794564
858640153946
630689156986
584213822800
103195785357
998320233414
810257808330
511953126353
18976026577
215915578833
714909011450
478693174293
768870942690
27139344720
591989655495
773844726813
185321343314
285082378120
510033426277
493101856240
917762855965
660356873086
618499346554
637282978456
958228697815
880509920229
510512747949
512384743796
870064888618
926394613382
380405069322
1556269346
896268457697
518085381803
494031195142
529525176533
26118678209
266369726401
655434689677
513947843520
391149874304
240895570650
345636533788
169629400605
274021172762
223198837948
939638157767
485805256643
101535989237
465648865508
772435658673
24547648907
315401298243
513803780711
114288068562
41022725328
450963264388
209303477954
725217495290
63961022612
475489162467
569613198869
570739200247
626793849472
230100658159
357731582784
851712475187
398952542975
446630060347
593477181705
950028327275
720842940399
317220761720
630270373273
