542148553790
811833757793
149995994840
260026070987
800284806291
821732169339
705487741358
577856797312
184849689245
764343145733
636908139955
698810286652
337222873394
916534256659
204433905619
518511769955
93235714681
533000558138
252971220210
942271090286
890284442837
312064694174
74593215056
526826213961
904653586466
381114934542
291147358467
594302553798
480308308941
541846081181
781940179611
452320963233
788705151345
229362368363
466307468885
520868410859
69604390035
234108713971
70801694281
212107124819
50316151710
983559065940
825706074437
915456161124
495661257392
568715820243
74007330059
732498014986
687183342130
55409472976
978221977464
499088140734
418053653449
862189620407
67825040215
101616201534
75169039945
312460335702
663774007950
509211978262
877605648883
545891837282
755773848812
268324917081
826617021060
7979669038
128184774520
687373025943
398321270757
248434855995
91133600084
681538299595
489576869623
563339192473
937248221615
175880995802
176934130385
115518971967
999756849145
285298426671
536152571397
400111694357
95827901057
873937099853
245165653691
129106591232
770176020742
162333030358
792333882596
259106244627
787406853420
846803008979
635263097701
294453356161
985520734965
779616261864
428738902805
522477570231
48363425816
985889419380
