492204583822
388719409219
867711512650
535273517223
462282706615
477595203125
745556061595
258434320547
903397727818
915957119435
606670953088
799691131976
124762971302
523281747238
767443786358
427266449964
950667396929
653788015083
215161812038
304401758023
996373583182
988437541634
782515262128
103001844933
28026175984
878866257683
16695026961
294326317026
150710952476
46081020866
148016858319
807428163957
376882155168
347195184679
561240579951
212364844861
428901228201
535631347587
681672824563
700900683562
165783406315
32665048313
711399591681
911366615909
715759143871
110381599317
588255917921
521983327163
350375643627
936877763624
105585593489
514569974451
192373243089
311605388912
847614589188
704238470096
520742726800
118656678819
729588093886
644467488998
314078472860
515314233945
565557833663
988352111863
659611098777
372299316740
702203050677
257246153717
890190417367
656485385617
132490493730
791709825547
64427340981
806484929399
513333710870
442359427399
31701056999
713582646072
74704217640
568072222547
850538563263
849645109434
852729426332
401965240214
253200603719
572885871051
648391685980
892506082999
463704367823
672321342976
14209464677
22563459565
129070279937
876712169160
886371365901
581321934578
452423050349
365607058644
501402418022
76903775362
