672402281776
108474230413
921762132651
269066414498
298587728656
343542941078
631972430449
483061095792
936605520607
706393501252
594530965153
361820439579
45904403088
710306042096
266296632581
104976455112
772835724289
289534626945
300226558333
977257568461
41086012522
694037075522
902778155829
454128211641
299567142357
296676286094
568314312719
523148102085
875147872214
11455744014
117071725257
1138676564
311050131429
248057849931
444151000148
497909945032
571656655358
438469560406
800954080570
164185680483
656344176385
269266855033
651603661204
573909959918
644168398431
18775139713
705660003166
842556808464
99713724329
367955529635
805357105838
299524212604
228874933397
566096217265
985099287334
593996505022
54229745290
316458490770
547633552510
629534631096
375718821682
58029327367
420086340404
198655905898
452182402904
693422833992
544282980165
937226199589
803776870730
414301704410
568319910095
473421790670
917629617701
754013444004
470570540555
263900600082
712649661001
174628901011
626795995593
864826867536
721772677310
763949955429
504049671965
368065782713
689123428102
482794206350
941557978482
181689701014
394935081
622278168962
862968324264
200333403394
923791364851
972519065201
199321802029
941781932851
200491721925
906745195290
294971476410
905487302554
