828417313530
635498736607
600070450990
700754093331
859599298224
110036587537
301330080603
668008347222
42323855482
999529231964
338951195827
460215942250
26039594730
143125005594
115953435342
480624726542
694159218121
725127628019
360762552531
34700828116
729379671960
730296519601
140084689642
991441008994
401046799587
206442962439
458801908264
775997803957
793605917047
203039944050
259525547000
553841136630
50808360841
468715864523
714445502970
799566712807
672288740354
941354556241
363743598065
923747322080
351667903933
542026500031
52672140640
154757007716
255020021669
566215674875
239913513253
113375933339
158502537972
265301949580
789787412285
300935992362
430647090361
655071714904
484542425496
780370388277
580459791574
332561238140
124265000318
724288037450
627126938523
258629741724
517508155099
664793949293
136533237170
217792967648
391471721169
841145410835
293182405915
27296745605
605322620557
850492308655
663822205364
177717956238
959918673270
307789001412
764624327634
702513250961
265579379856
480222598188
84750842015
929273389018
461194832667
595602443423
210458237116
934496845876
767714871452
604246072261
832945429812
696231644507
874646279330
238797569109
718079963256
812622149301
112647426640
273507356433
944376598835
688478193888
433672640454
68761899895
